PF00004.21_int_PF09336.2	1	0.910	0.734	0.839	0.864	0.750	0.980
PF00004.21_int_PF09336.2	2	0.994	0.979	0.979	0.948	0.896	1.000
PF00004.21_int_PF09336.2	7	0.960	0.000	0.000	0.859	0.717	1.000
PF00017.16_int_PF00018.20	1	0.880	0.444	0.889	0.611	0.222	1.000
PF00017.16_int_PF00018.20	2	0.852	0.389	0.778	0.500	0.000	0.000
PF00017.16_int_PF00018.20	4	0.876	0.636	0.875	0.500	0.000	0.000
PF00017.16_int_PF00018.20	5	0.984	0.375	1.000	0.500	0.000	0.000
PF00017.16_int_PF00018.20	7	0.782	0.294	0.625	0.471	0.000	0.000
PF00017.16_int_PF00018.20	8	0.833	0.000	0.000	0.528	0.111	0.667
PF00017.16_int_PF00018.20	20	0.959	0.429	1.000	0.357	0.000	0.000
PF00017.16_int_PF00018.20	21	0.729	0.333	0.667	0.458	0.000	0.000
PF00017.16_int_PF00018.20	22	0.833	0.682	0.833	0.545	0.091	1.000
PF00025.13_int_PF00025.13	1	0.961	0.872	0.872	0.577	0.154	1.000
PF00025.13_int_PF00025.13	2	0.939	0.520	0.929	0.980	0.960	1.000
PF00025.13_int_PF00025.13	3	1.000	1.000	0.900	0.500	0.000	0.000
PF00025.13_int_PF00025.13	6	0.944	0.500	1.000	0.942	0.923	0.960
PF00025.13_int_PF00025.13	7	0.938	0.455	1.000	0.500	0.000	0.000
PF00025.13_int_PF00025.13	10	0.984	1.000	0.889	0.688	0.375	1.000
PF00025.13_int_PF00025.13	11	0.726	0.000	0.000	0.500	0.000	0.000
PF00025.13_int_PF00025.13	15	0.842	0.214	1.000	0.500	0.000	0.000
PF00025.13_int_PF00025.13	21	0.886	0.412	0.875	0.500	0.000	0.000
PF00028.9_int_PF00028.9	1	0.893	0.182	0.667	0.500	0.000	0.000
PF00028.9_int_PF00028.9	3	0.857	0.000	0.000	0.500	0.000	0.000
PF00028.9_int_PF00028.9	7	0.629	0.038	1.000	0.500	0.000	0.000
PF00028.9_int_PF00028.9	8	0.778	0.000	0.000	0.500	0.000	0.000
PF00028.9_int_PF00028.9	19	0.932	0.833	0.882	0.500	0.000	0.000
PF00028.9_int_PF00028.9	20	0.890	0.300	1.000	0.500	0.000	0.000
PF00028.9_int_PF00028.9	21	0.556	0.167	1.000	0.500	0.000	0.000
PF00028.9_int_PF00028.9	22	0.361	0.000	0.000	0.500	0.000	0.000
PF00032.9_int_PF02271.8	1	1.000	0.938	1.000	1.000	1.000	1.000
PF00032.9_int_PF02271.8	2	1.000	0.889	1.000	0.944	0.889	1.000
PF00032.9_int_PF02271.8	5	1.000	1.000	1.000	0.929	0.857	1.000
PF00032.9_int_PF02271.8	31	0.965	1.000	0.941	1.000	1.000	1.000
PF00032.9_int_PF02939.8	1	1.000	1.000	1.000	0.960	0.920	1.000
PF00032.9_int_PF02939.8	2	1.000	0.962	1.000	0.942	0.885	1.000
PF00032.9_int_PF02939.8	5	0.975	0.943	0.971	0.814	0.629	1.000
PF00032.9_int_PF02939.8	31	1.000	0.964	1.000	0.982	0.964	1.000
PF00033.11_int_PF00033.11	1	0.968	0.727	1.000	0.927	0.855	1.000
PF00033.11_int_PF00033.11	2	0.956	0.873	0.906	0.927	0.855	1.000
PF00033.11_int_PF00033.11	5	0.940	0.712	0.949	0.750	0.500	1.000
PF00033.11_int_PF00033.11	6	0.978	0.909	0.976	0.977	0.955	1.000
PF00033.11_int_PF00033.11	9	1.000	0.971	1.000	0.857	0.714	1.000
PF00033.11_int_PF00033.11	20	1.000	0.906	1.000	1.000	1.000	1.000
PF00033.11_int_PF00355.18	1	1.000	1.000	1.000	1.000	1.000	1.000
PF00033.11_int_PF00355.18	3	0.950	1.000	0.917	0.955	0.909	1.000
PF00033.11_int_PF00355.18	7	1.000	0.600	1.000	0.900	0.800	1.000
PF00033.11_int_PF00355.18	8	1.000	0.500	1.000	0.625	0.250	1.000
PF00033.11_int_PF00355.18	10	1.000	1.000	1.000	1.000	1.000	1.000
PF00033.11_int_PF00355.18	16	1.000	1.000	1.000	1.000	1.000	1.000
PF00033.11_int_PF00355.18	39	1.000	0.900	1.000	0.950	0.900	1.000
PF00033.11_int_PF02271.8	1	0.972	0.833	1.000	1.000	1.000	1.000
PF00033.11_int_PF02271.8	2	1.000	0.714	1.000	0.857	0.714	1.000
PF00033.11_int_PF02271.8	5	1.000	0.875	1.000	0.750	0.500	1.000
PF00033.11_int_PF02939.8	1	1.000	1.000	1.000	0.750	0.500	1.000
PF00033.11_int_PF02939.8	2	1.000	1.000	1.000	0.625	0.250	1.000
PF00033.11_int_PF02939.8	26	1.000	0.667	1.000	0.917	0.833	1.000
PF00034.13_int_PF00141.15	1	0.953	0.500	1.000	0.688	0.375	1.000
PF00034.13_int_PF00141.15	7	0.994	0.722	1.000	0.583	0.167	1.000
PF00034.13_int_PF02239.8	1	1.000	1.000	1.000	0.944	0.889	1.000
PF00034.13_int_PF02239.8	6	1.000	0.750	1.000	0.750	0.500	1.000
PF00051.10_int_PF00051.10	1	0.975	0.667	1.000	0.500	0.000	0.000
PF00051.10_int_PF00051.10	3	0.556	0.222	1.000	0.556	0.111	1.000
PF00051.10_int_PF00051.10	4	0.571	0.000	0.000	0.571	0.143	1.000
PF00051.10_int_PF00051.10	5	0.470	0.000	0.000	0.500	0.000	0.000
PF00051.10_int_PF00051.10	6	0.827	0.000	0.000	0.500	0.000	0.000
PF00051.10_int_PF00051.10	11	0.908	0.429	1.000	0.500	0.000	0.000
PF00051.10_int_PF00051.10	12	0.693	0.000	0.000	0.500	0.000	0.000
PF00051.10_int_PF00051.10	16	0.892	0.348	0.889	0.478	0.000	0.000
PF00074.12_int_PF07686.9	1	0.933	0.074	1.000	0.500	0.000	0.000
PF00074.12_int_PF07686.9	7	1.000	0.571	1.000	0.536	0.071	1.000
PF00074.12_int_PF07686.9	8	0.854	0.087	1.000	0.522	0.043	1.000
PF00081.14_int_PF00081.14	1	0.968	0.979	0.922	0.814	0.667	0.941
PF00081.14_int_PF00081.14	2	0.686	0.308	1.000	0.654	0.308	1.000
PF00081.14_int_PF00081.14	5	0.972	0.833	1.000	1.000	1.000	1.000
PF00081.14_int_PF00081.14	7	0.935	0.462	0.947	0.885	0.769	1.000
PF00081.14_int_PF00081.14	12	0.984	0.875	1.000	0.688	0.375	1.000
PF00081.14_int_PF00081.14	26	1.000	0.714	1.000	0.500	0.000	0.000
PF00081.14_int_PF00081.14	40	1.000	1.000	1.000	0.500	0.000	0.000
PF00081.14_int_PF00081.14	42	0.995	0.970	1.000	1.000	1.000	1.000
PF00087.13_int_PF00087.13	1	0.892	0.478	0.917	0.891	0.783	1.000
PF00087.13_int_PF00087.13	2	0.806	0.000	0.000	0.523	0.045	1.000
PF00087.13_int_PF00087.13	4	0.908	0.581	0.900	0.847	0.710	0.957
PF00087.13_int_PF00087.13	5	0.934	0.545	0.923	0.864	0.727	1.000
PF00087.13_int_PF00087.13	6	0.969	0.875	0.933	0.875	0.750	1.000
PF00087.13_int_PF00087.13	7	0.886	0.091	1.000	0.477	0.000	0.000
PF00087.13_int_PF00087.13	8	0.537	0.000	0.000	0.500	0.000	0.000
PF00087.13_int_PF00087.13	10	0.964	0.733	0.917	0.900	0.800	1.000
PF00087.13_int_PF00087.13	12	0.914	0.667	0.957	0.864	0.727	1.000
PF00087.13_int_PF00087.13	16	0.907	0.450	0.900	0.500	0.050	0.500
PF00104.22_int_PF08832.2	1	0.949	0.667	0.963	0.859	0.718	1.000
PF00104.22_int_PF08832.2	4	0.955	0.720	0.947	0.980	0.960	1.000
PF00104.22_int_PF08832.2	9	0.954	0.781	0.926	0.953	0.906	1.000
PF00104.22_int_PF08832.2	11	0.988	0.758	1.000	0.970	0.939	1.000
PF00127.12_int_PF06433.3	1	0.980	0.857	0.857	0.786	0.571	1.000
PF00127.12_int_PF06433.3	15	1.000	0.417	1.000	0.500	0.000	0.000
PF00127.12_int_PF06433.3	27	1.000	0.857	1.000	0.786	0.571	1.000
PF00149.20_int_PF08321.4	1	0.935	0.984	0.765	0.944	0.889	1.000
PF00149.20_int_PF08321.4	3	0.912	0.984	0.724	0.938	0.875	1.000
PF00167.10_int_PF07679.8	1	0.947	0.533	0.889	0.967	0.933	1.000
PF00167.10_int_PF07679.8	2	0.968	0.622	1.000	0.811	0.622	1.000
PF00167.10_int_PF07679.8	6	0.842	0.297	0.846	0.892	0.784	1.000
PF00167.10_int_PF07679.8	7	0.933	0.605	0.897	0.855	0.721	0.969
PF00167.10_int_PF07679.8	11	1.000	0.611	1.000	0.944	0.889	1.000
PF00167.10_int_PF07679.8	24	0.913	0.929	0.867	0.946	0.893	1.000
PF00167.10_int_PF07679.8	25	0.985	0.429	1.000	0.786	0.571	1.000
PF00167.10_int_PF07679.8	26	0.993	1.000	0.973	0.806	0.611	1.000
PF00243.10_int_PF00243.10	1	0.905	0.696	0.873	0.978	0.957	1.000
PF00243.10_int_PF00243.10	2	0.939	0.766	0.952	0.968	0.935	1.000
PF00243.10_int_PF00243.10	3	0.930	0.853	0.914	0.987	0.973	1.000
PF00243.10_int_PF00243.10	4	0.670	0.300	0.600	0.650	0.300	1.000
PF00243.10_int_PF00243.10	7	0.816	0.644	0.795	0.911	0.822	1.000
PF00243.10_int_PF00243.10	8	0.911	0.761	0.895	0.923	0.851	0.983
PF00243.10_int_PF00243.10	12	0.882	0.780	0.889	0.982	0.963	1.000
PF00254.20_int_PF00254.20	1	0.883	0.000	0.000	0.522	0.043	1.000
PF00254.20_int_PF00254.20	7	0.586	0.250	1.000	0.500	0.000	0.000
PF00254.20_int_PF00254.20	9	0.721	0.000	0.000	0.500	0.000	0.000
PF00254.20_int_PF00254.20	15	0.891	0.750	1.000	0.500	0.000	0.000
PF00254.20_int_PF00254.20	16	0.738	0.000	0.000	0.500	0.000	0.000
PF00254.20_int_PF00254.20	18	0.736	0.000	0.000	0.545	0.091	1.000
PF00385.16_int_PF00385.16	1	1.000	1.000	1.000	0.864	0.727	1.000
PF00385.16_int_PF00385.16	11	0.910	0.900	0.750	0.900	0.800	1.000
PF00385.16_int_PF00385.16	13	0.938	0.000	0.000	0.500	0.000	0.000
PF00385.16_int_PF00385.16	17	0.889	0.611	0.846	0.556	0.111	1.000
PF00385.16_int_PF00385.16	18	0.909	0.158	1.000	0.553	0.105	1.000
PF00385.16_int_PF00385.16	19	0.881	0.211	1.000	0.500	0.000	0.000
PF00393.11_int_PF00393.11	1	0.834	0.704	0.830	0.890	0.780	1.000
PF00393.11_int_PF00393.11	2	0.938	0.993	0.648	0.977	0.954	0.997
PF00393.11_int_PF00393.11	5	0.941	0.843	0.887	0.974	0.948	1.000
PF00393.11_int_PF00393.11	7	0.933	0.755	0.908	0.958	0.916	1.000
PF00393.11_int_PF00393.11	11	0.923	0.821	0.850	0.983	0.966	1.000
PF00511.9_int_PF00511.9	1	0.989	0.867	0.929	0.900	0.800	1.000
PF00511.9_int_PF00511.9	2	0.998	0.950	1.000	0.969	0.950	0.974
PF00511.9_int_PF00511.9	3	0.993	0.875	0.972	0.948	0.900	0.973
PF00511.9_int_PF00511.9	7	0.930	0.853	0.906	0.997	1.000	0.971
PF00511.9_int_PF00511.9	9	0.964	0.654	0.971	0.885	0.769	1.000
PF00511.9_int_PF00511.9	15	0.981	0.889	0.914	0.958	0.917	1.000
PF00563.12_int_PF00563.12	1	0.543	0.043	0.667	0.815	0.630	1.000
PF00563.12_int_PF00563.12	2	0.579	0.018	0.500	0.773	0.545	1.000
PF00563.12_int_PF00563.12	4	0.541	0.018	0.143	0.741	0.482	1.000
PF00563.12_int_PF00563.12	9	0.528	0.700	0.461	0.500	0.000	0.000
PF00617.11_int_PF00618.12	1	0.978	0.750	0.960	0.875	0.750	1.000
PF00617.11_int_PF00618.12	11	0.953	0.512	1.000	0.779	0.558	1.000
PF00711.11_int_PF00711.11	1	0.583	0.000	0.000	0.500	0.000	0.000
PF00711.11_int_PF00711.11	23	0.720	0.300	0.500	0.500	0.000	0.000
PF00712.11_int_PF02768.7	1	0.993	0.882	1.000	0.824	0.647	1.000
PF00712.11_int_PF02768.7	7	1.000	0.893	1.000	0.982	0.964	1.000
PF00712.11_int_PF02768.7	9	1.000	1.000	1.000	0.983	0.966	1.000
PF00782.12_int_PF00782.12	1	0.944	0.667	1.000	0.500	0.000	0.000
PF00782.12_int_PF00782.12	2	0.763	0.308	0.800	0.615	0.231	1.000
PF00782.12_int_PF00782.12	3	0.409	0.000	0.000	0.545	0.091	1.000
PF00782.12_int_PF00782.12	4	0.809	0.000	0.000	0.500	0.000	0.000
PF00782.12_int_PF00782.12	7	0.847	0.143	1.000	0.500	0.000	0.000
PF00782.12_int_PF00782.12	11	0.775	0.000	0.000	0.530	0.061	1.000
PF00782.12_int_PF00782.12	13	0.889	0.667	0.909	0.500	0.000	0.000
PF00782.12_int_PF00782.12	18	0.909	0.000	0.000	0.500	0.000	0.000
PF00899.13_int_PF02134.13	1	0.938	0.538	1.000	0.942	0.885	1.000
PF00899.13_int_PF02134.13	2	0.778	0.000	0.000	0.417	0.000	0.000
PF00899.13_int_PF02134.13	15	0.988	0.981	0.869	0.944	0.889	1.000
PF00899.13_int_PF02134.13	22	0.848	0.824	0.875	0.912	0.824	1.000
PF00933.13_int_PF01915.14	1	0.911	0.814	0.886	0.610	0.221	1.000
PF00933.13_int_PF01915.14	10	0.865	0.787	0.974	0.702	0.404	1.000
PF00984.11_int_PF03720.7	1	0.993	0.902	0.949	0.707	0.415	1.000
PF00984.11_int_PF03720.7	3	0.969	0.688	1.000	0.844	0.688	1.000
PF00984.11_int_PF03720.7	15	0.947	0.760	1.000	0.940	0.880	1.000
PF00984.11_int_PF03720.7	18	1.000	1.000	1.000	0.957	0.913	1.000
PF00984.11_int_PF03720.7	38	0.924	0.706	0.923	1.000	1.000	1.000
PF00984.11_int_PF03720.7	40	1.000	0.706	1.000	1.000	1.000	1.000
PF00993.12_int_PF02876.9	1	1.000	0.800	1.000	0.850	0.700	1.000
PF00993.12_int_PF02876.9	5	1.000	1.000	1.000	0.938	0.875	1.000
PF01071.11_int_PF02843.8	1	0.997	0.843	1.000	0.980	0.961	1.000
PF01071.11_int_PF02843.8	2	0.945	0.780	0.889	1.000	1.000	1.000
PF01071.11_int_PF02843.8	4	1.000	0.979	1.000	0.968	0.936	1.000
PF01071.11_int_PF02843.8	6	0.964	0.927	0.944	1.000	1.000	1.000
PF01071.11_int_PF02843.8	8	0.996	0.917	0.982	0.958	0.917	1.000
PF01071.11_int_PF02843.8	12	0.978	0.875	0.961	0.991	0.982	1.000
PF01071.11_int_PF02844.7	1	0.980	0.891	1.000	0.973	0.945	1.000
PF01071.11_int_PF02844.7	2	1.000	0.778	1.000	1.000	1.000	1.000
PF01071.11_int_PF02844.7	4	0.999	0.933	1.000	0.900	0.800	1.000
PF01071.11_int_PF02844.7	7	0.967	0.959	0.959	0.997	1.000	0.980
PF01071.11_int_PF02844.7	9	0.999	0.943	1.000	0.962	0.925	1.000
PF01071.11_int_PF02844.7	13	0.996	0.875	1.000	0.955	0.911	1.000
PF01081.11_int_PF01081.11	1	0.976	0.800	0.960	0.533	0.067	1.000
PF01081.11_int_PF01081.11	13	0.970	0.565	1.000	0.739	0.478	1.000
PF01081.11_int_PF01081.11	22	0.694	0.000	0.000	0.500	0.000	0.000
PF01081.11_int_PF01081.11	36	0.934	0.444	0.857	0.722	0.444	1.000
PF01197.10_int_PF01281.11	1	0.972	0.333	1.000	0.500	0.000	0.000
PF01197.10_int_PF01281.11	4	0.959	0.000	0.000	0.500	0.000	0.000
PF01221.10_int_PF01221.10	1	0.938	1.000	0.625	0.500	0.000	0.000
PF01221.10_int_PF01221.10	6	0.429	1.000	0.531	0.500	0.000	0.000
PF01322.12_int_PF01322.12	1	0.970	0.421	1.000	0.500	0.000	0.000
PF01322.12_int_PF01322.12	2	0.885	0.380	1.000	0.640	0.280	1.000
PF01322.12_int_PF01322.12	3	0.906	0.795	0.886	0.692	0.385	1.000
PF01322.12_int_PF01322.12	4	0.967	0.690	0.952	0.828	0.655	1.000
PF01322.12_int_PF01322.12	6	0.991	0.889	0.941	0.500	0.000	0.000
PF01322.12_int_PF01322.12	8	0.888	0.581	0.900	0.726	0.452	1.000
PF01329.11_int_PF01329.11	1	0.982	0.282	1.000	0.987	0.974	1.000
PF01329.11_int_PF01329.11	42	0.964	0.316	1.000	1.000	1.000	1.000
PF01329.11_int_PF01329.11	43	0.999	1.000	0.949	0.905	0.811	1.000
PF01329.11_int_PF01329.11	44	0.982	0.711	1.000	1.000	1.000	1.000
PF01329.11_int_PF01329.11	47	0.910	0.333	1.000	0.500	0.000	0.000
PF01368.12_int_PF01368.12	1	0.997	0.912	1.000	0.956	0.912	1.000
PF01368.12_int_PF01368.12	2	0.978	0.738	0.978	0.910	0.820	1.000
PF01368.12_int_PF01368.12	3	0.972	0.787	0.980	0.959	0.918	1.000
PF01368.12_int_PF01368.12	8	0.833	0.673	0.897	0.875	0.750	1.000
PF01368.12_int_PF01368.12	9	0.333	0.000	0.000	0.500	0.000	0.000
PF01472.12_int_PF01509.10	1	0.975	0.091	1.000	0.909	0.818	1.000
PF01472.12_int_PF01509.10	4	1.000	0.429	1.000	0.929	0.857	1.000
PF01472.12_int_PF01509.10	5	1.000	0.917	1.000	1.000	1.000	1.000
PF01472.12_int_PF01509.10	7	1.000	0.714	1.000	0.964	0.929	1.000
PF01658.9_int_PF01658.9	1	0.979	0.938	0.865	0.979	0.958	1.000
PF01658.9_int_PF01658.9	2	0.978	1.000	0.957	0.989	0.978	1.000
PF01658.9_int_PF01658.9	7	0.982	1.000	0.907	0.980	0.959	1.000
PF01658.9_int_PF01658.9	10	0.883	0.138	0.800	0.534	0.069	1.000
PF01658.9_int_PF01658.9	11	0.976	1.000	0.958	0.989	0.978	1.000
PF01658.9_int_PF01658.9	16	0.895	0.261	1.000	0.910	0.826	0.974
PF01729.11_int_PF01729.11	1	0.965	0.438	1.000	0.812	0.625	1.000
PF01729.11_int_PF01729.11	2	0.993	1.000	0.960	0.875	0.750	1.000
PF01729.11_int_PF01729.11	3	1.000	0.857	1.000	1.000	1.000	1.000
PF01729.11_int_PF01729.11	15	0.868	0.167	0.667	0.958	0.917	1.000
PF01729.11_int_PF01729.11	17	0.964	0.000	0.000	0.767	0.533	1.000
PF01729.11_int_PF01729.11	23	0.975	0.000	0.000	0.929	0.857	1.000
PF01729.11_int_PF01729.11	35	0.988	0.556	1.000	1.000	1.000	1.000
PF01797.8_int_PF01797.8	1	0.999	0.857	1.000	0.946	0.893	1.000
PF01797.8_int_PF01797.8	3	0.990	0.796	1.000	0.939	0.878	1.000
PF01797.8_int_PF01797.8	7	0.996	0.844	0.974	1.000	1.000	1.000
PF01797.8_int_PF01797.8	9	1.000	0.800	1.000	0.900	0.800	1.000
PF01855.11_int_PF01855.11	1	0.915	0.990	0.841	0.500	0.000	0.000
PF01855.11_int_PF01855.11	3	0.912	0.000	0.000	0.500	0.000	0.000
PF01880.10_int_PF01880.10	1	0.947	0.242	1.000	0.530	0.061	1.000
PF01880.10_int_PF01880.10	14	0.995	1.000	0.871	0.870	0.741	1.000
PF01880.10_int_PF01880.10	17	0.901	0.500	0.947	0.778	0.556	1.000
PF01880.10_int_PF01880.10	20	0.895	0.159	1.000	0.514	0.029	1.000
PF02167.7_int_PF02167.7	1	1.000	0.714	1.000	0.905	0.810	1.000
PF02167.7_int_PF02167.7	2	1.000	0.842	1.000	0.947	0.895	1.000
PF02167.7_int_PF02167.7	5	1.000	1.000	1.000	1.000	1.000	1.000
PF02201.10_int_PF02201.10	1	0.472	0.000	0.000	0.500	0.000	0.000
PF02201.10_int_PF02201.10	4	0.743	0.167	1.000	0.500	0.000	0.000
PF02201.10_int_PF02201.10	8	0.769	0.000	0.000	0.500	0.000	0.000
PF02403.14_int_PF00587.17	1	1.000	1.000	1.000	0.944	0.889	1.000
PF02403.14_int_PF00587.17	2	1.000	1.000	1.000	1.000	1.000	1.000
PF02403.14_int_PF00587.17	9	1.000	0.920	1.000	0.900	0.800	1.000
PF02403.14_int_PF00587.17	15	1.000	0.880	1.000	0.920	0.840	1.000
PF02558.8_int_PF08546.3	1	0.989	0.872	0.971	0.987	0.974	1.000
PF02558.8_int_PF08546.3	4	0.972	0.895	0.971	0.921	0.842	1.000
PF02558.8_int_PF08546.3	8	0.968	0.756	1.000	0.878	0.756	1.000
PF02558.8_int_PF08546.3	11	0.999	0.938	1.000	0.984	0.969	1.000
PF02558.8_int_PF08546.3	21	0.977	0.781	0.962	0.922	0.844	1.000
PF02558.8_int_PF08546.3	23	0.943	0.595	1.000	0.929	0.857	1.000
PF02558.8_int_PF08546.3	31	0.969	0.841	0.974	0.955	0.909	1.000
PF02581.9_int_PF02581.9	1	0.810	0.091	1.000	0.500	0.000	0.000
PF02581.9_int_PF02581.9	8	0.888	0.674	0.935	0.663	0.326	1.000
PF02581.9_int_PF02581.9	9	0.990	0.167	1.000	0.792	0.583	1.000
PF02843.8_int_PF02844.7	1	0.996	0.846	1.000	0.904	0.808	1.000
PF02843.8_int_PF02844.7	2	1.000	0.682	1.000	1.000	1.000	1.000
PF02843.8_int_PF02844.7	4	0.993	0.690	1.000	0.914	0.828	1.000
PF02843.8_int_PF02844.7	6	1.000	0.957	1.000	1.000	1.000	1.000
PF02843.8_int_PF02844.7	8	1.000	0.864	1.000	0.975	0.955	0.955
PF02843.8_int_PF02844.7	12	1.000	0.880	1.000	0.960	0.920	1.000
PF03284.5_int_PF03284.5	1	0.897	0.629	0.867	0.806	0.613	1.000
PF03284.5_int_PF03284.5	2	0.975	0.919	0.958	0.879	0.768	0.987
PF03480.5_int_PF03480.5	1	0.793	0.000	0.000	0.500	0.000	0.000
PF03480.5_int_PF03480.5	3	0.896	0.000	0.000	0.500	0.000	0.000
PF03480.5_int_PF03480.5	9	0.956	0.431	0.933	0.669	0.338	1.000
PF03480.5_int_PF03480.5	13	0.833	0.000	0.000	0.500	0.000	0.000
PF03480.5_int_PF03480.5	18	0.967	0.000	0.000	0.500	0.000	0.000
PF03480.5_int_PF03480.5	20	0.983	0.911	0.944	0.696	0.393	1.000
PF04998.9_int_PF04567.9	1	1.000	0.286	1.000	0.786	0.571	1.000
PF04998.9_int_PF04567.9	10	0.972	0.833	1.000	0.833	0.667	1.000
PF05739.11_int_PF05739.11	1	0.960	1.000	0.909	0.950	0.900	1.000
PF05739.11_int_PF05739.11	2	0.752	0.170	1.000	0.628	0.255	1.000
PF05739.11_int_PF05739.11	9	1.000	0.800	1.000	0.900	0.800	1.000
PF05739.11_int_PF05739.11	10	1.000	0.714	1.000	1.000	1.000	1.000
PF05739.11_int_PF05739.11	19	0.980	0.929	1.000	0.929	0.857	1.000
PF05739.11_int_PF05739.11	23	1.000	0.000	0.000	0.500	0.000	0.000
PF06560.3_int_PF06560.3	1	0.914	0.826	0.974	0.913	0.826	1.000
PF06560.3_int_PF06560.3	4	1.000	0.975	1.000	0.975	0.950	1.000
PF07367.3_int_PF07367.3	1	0.998	0.911	1.000	0.964	0.929	1.000
PF07367.3_int_PF07367.3	3	0.988	0.638	0.957	0.928	0.855	1.000
PF07367.3_int_PF07367.3	13	0.977	0.949	0.966	0.981	0.966	0.983
PF07467.3_int_PF00144.16	1	0.985	0.849	0.918	0.915	0.830	1.000
PF07467.3_int_PF00144.16	11	0.966	0.902	0.902	0.931	0.863	1.000
PF07716.7_int_PF07716.7	1	0.967	0.971	0.919	0.886	0.800	0.966
PF07716.7_int_PF07716.7	10	0.899	0.647	1.000	0.912	0.824	1.000
PF08516.4_int_PF00200.15	1	1.000	0.933	1.000	0.967	0.933	1.000
PF08516.4_int_PF00200.15	7	1.000	0.700	1.000	1.000	1.000	1.000
PF08516.4_int_PF00200.15	8	1.000	0.909	1.000	1.000	1.000	1.000
PF08516.4_int_PF00200.15	17	0.993	0.833	1.000	0.917	0.833	1.000
PF10415.1_int_PF00206.12	1	0.528	0.000	0.000	0.833	0.667	1.000
PF10415.1_int_PF00206.12	9	1.000	0.000	0.000	0.818	0.636	1.000
PF10415.1_int_PF00206.12	13	0.889	0.000	0.000	0.500	0.000	0.000
PF10415.1_int_PF00206.12	19	0.917	0.583	0.778	0.753	0.583	0.875
PF10415.1_int_PF00206.12	24	1.000	0.000	0.000	1.000	1.000	1.000
PF10527.1_int_PF10527.1	1	0.970	0.000	0.000	0.615	0.231	1.000
PF10527.1_int_PF10527.1	2	0.963	0.556	1.000	0.833	0.667	1.000
PF10527.1_int_PF10527.1	3	1.000	0.750	1.000	1.000	1.000	1.000
PF10527.1_int_PF10527.1	6	1.000	1.000	1.000	1.000	1.000	1.000
PF10527.1_int_PF10527.1	11	0.833	0.833	1.000	1.000	1.000	1.000
PF00001.13_int_PF00001.13	1	0.848	0.386	1.000	0.500	0.000	0.000
PF00001.13_int_PF00001.13	3	0.886	0.154	1.000	0.500	0.000	0.000
PF00001.13_int_PF00959.11	1	1.000	0.333	1.000	0.917	0.833	1.000
PF00001.13_int_PF00959.11	3	0.653	0.857	0.500	0.857	0.714	1.000
PF00001.13_int_PF07686.9	1	0.900	0.000	0.000	0.500	0.000	0.000
PF00001.13_int_PF07686.9	2	1.000	0.333	1.000	0.500	0.000	0.000
PF00004.21_int_PF00023.22	1	0.965	0.500	1.000	0.667	0.333	1.000
PF00004.21_int_PF00023.22	2	1.000	0.800	1.000	0.850	0.700	1.000
PF00004.21_int_PF00023.22	3	0.938	0.667	1.000	0.722	0.444	1.000
PF00004.21_int_PF00023.22	4	0.953	0.625	0.833	0.625	0.250	1.000
PF00004.21_int_PF00023.22	13	0.944	0.667	1.000	0.667	0.333	1.000
PF00004.21_int_PF00023.22	14	1.000	0.667	1.000	0.750	0.500	1.000
PF00004.21_int_PF00023.22	15	0.926	0.667	0.750	0.667	0.333	1.000
PF00004.21_int_PF00023.22	16	0.876	0.455	0.833	0.727	0.455	1.000
PF00004.21_int_PF01434.10	1	0.984	0.677	1.000	0.968	0.935	1.000
PF00004.21_int_PF01434.10	2	0.998	0.614	1.000	0.920	0.841	1.000
PF00004.21_int_PF01434.10	14	0.939	0.200	0.909	0.720	0.440	1.000
PF00004.21_int_PF01434.10	23	0.962	0.854	0.972	0.659	0.317	1.000
PF00004.21_int_PF01434.10	24	1.000	0.842	1.000	0.895	0.789	1.000
PF00004.21_int_PF02861.12	1	0.234	0.000	0.000	0.500	0.000	0.000
PF00004.21_int_PF02861.12	2	0.551	0.000	0.000	0.500	0.000	0.000
PF00004.21_int_PF05491.5	1	0.958	0.833	0.882	0.528	0.056	1.000
PF00004.21_int_PF05491.5	3	0.899	0.320	1.000	0.540	0.080	1.000
PF00004.21_int_PF05496.4	1	0.884	0.569	0.853	0.765	0.529	1.000
PF00004.21_int_PF05496.4	3	0.893	0.651	0.976	0.714	0.429	1.000
PF00004.21_int_PF06480.7	1	0.991	0.871	0.964	0.887	0.774	1.000
PF00004.21_int_PF06480.7	5	0.946	0.854	0.891	0.812	0.625	1.000
PF00004.21_int_PF06480.7	12	0.933	0.909	0.909	0.879	0.758	1.000
PF00004.21_int_PF06480.7	13	0.965	0.810	0.944	0.786	0.571	1.000
PF00004.21_int_PF08542.3	1	1.000	0.000	0.000	0.500	0.000	0.000
PF00004.21_int_PF08542.3	8	1.000	1.000	1.000	0.611	0.222	1.000
PF00004.21_int_PF08542.3	9	0.959	0.462	0.857	0.577	0.154	1.000
PF00005.19_int_PF00528.14	1	0.933	0.634	0.839	0.931	0.878	0.973
PF00005.19_int_PF00528.14	5	0.939	0.837	0.923	0.942	0.884	1.000
PF00005.19_int_PF00528.14	6	0.985	0.800	1.000	0.963	0.925	1.000
PF00005.19_int_PF00528.14	7	0.928	0.565	0.929	0.946	0.891	1.000
PF00005.19_int_PF00528.14	9	0.944	0.680	1.000	0.780	0.560	1.000
PF00006.17_int_PF00006.17	1	0.804	0.522	0.923	0.998	1.000	0.979
PF00006.17_int_PF00006.17	37	0.795	0.630	0.853	0.924	0.848	1.000
PF00006.17_int_PF00006.17	64	0.751	0.321	0.900	0.518	0.036	1.000
PF00006.17_int_PF00006.17	75	0.833	0.617	0.906	0.947	0.894	1.000
PF00006.17_int_PF00006.17	103	0.821	0.396	0.913	0.500	0.000	0.000
PF00006.17_int_PF00006.17	111	0.809	0.500	0.857	0.969	0.938	1.000
PF00006.17_int_PF00006.17	117	0.880	0.000	0.000	0.500	0.000	0.000
PF00006.17_int_PF00006.17	173	0.828	0.596	0.875	0.904	0.809	1.000
PF00006.17_int_PF00006.17	208	0.333	0.000	0.000	0.583	0.167	1.000
PF00006.17_int_PF02874.15	1	0.961	0.238	1.000	0.998	1.000	0.955
PF00006.17_int_PF02874.15	4	0.920	0.200	1.000	1.000	1.000	1.000
PF00006.17_int_PF02874.15	37	0.929	0.944	0.895	1.000	1.000	1.000
PF00006.17_int_PF02874.15	38	0.903	0.455	1.000	0.955	0.909	1.000
PF00006.17_int_PF02874.15	67	1.000	0.824	1.000	1.000	1.000	1.000
PF00006.17_int_PF02874.15	68	0.942	0.474	1.000	1.000	1.000	1.000
PF00006.17_int_PF02874.15	81	0.920	0.465	0.870	0.523	0.047	1.000
PF00006.17_int_PF02874.15	91	0.971	0.682	0.938	1.000	1.000	1.000
PF00006.17_int_PF02874.15	94	0.991	0.619	1.000	1.000	1.000	1.000
PF00006.17_int_PF02874.15	151	0.995	0.714	1.000	1.000	1.000	1.000
PF00006.17_int_PF02874.15	154	0.887	0.500	0.800	1.000	1.000	1.000
PF00006.17_int_PF02874.15	157	0.875	0.630	0.850	0.667	0.333	1.000
PF00006.17_int_PF02874.15	190	0.918	0.000	0.000	0.714	0.429	1.000
PF00006.17_int_PF02874.15	191	1.000	0.000	0.000	0.750	0.500	1.000
PF00007.14_int_PF00236.10	1	0.923	0.772	0.863	0.864	0.728	1.000
PF00007.14_int_PF00236.10	5	0.938	0.942	0.814	0.843	0.686	1.000
PF00008.19_int_PF00059.13	1	0.939	0.571	1.000	0.929	0.857	1.000
PF00008.19_int_PF00059.13	2	0.917	0.000	0.000	0.500	0.000	0.000
PF00008.19_int_PF00059.13	7	1.000	0.667	1.000	1.000	1.000	1.000
PF00008.19_int_PF00089.18	1	0.837	0.353	0.750	0.735	0.471	1.000
PF00008.19_int_PF00089.18	2	0.980	1.000	0.909	0.500	0.000	0.000
PF00008.19_int_PF00089.18	23	0.984	0.250	1.000	1.000	1.000	1.000
PF00008.19_int_PF00089.18	37	0.812	0.750	0.900	0.708	0.417	1.000
PF00008.19_int_PF01030.16	1	1.000	0.600	1.000	0.900	0.800	1.000
PF00008.19_int_PF01030.16	2	0.970	0.800	0.889	0.800	0.600	1.000
PF00008.19_int_PF01030.16	5	1.000	0.750	1.000	1.000	1.000	1.000
PF00008.19_int_PF01030.16	6	1.000	0.714	1.000	0.929	0.857	1.000
PF00008.19_int_PF07645.7	1	0.769	0.000	0.000	0.500	0.000	0.000
PF00008.19_int_PF07645.7	5	0.660	0.000	0.000	0.500	0.000	0.000
PF00008.19_int_PF07645.7	6	0.889	0.333	1.000	0.500	0.000	0.000
PF00009.19_int_PF00009.19	1	0.978	0.800	0.923	0.500	0.000	0.000
PF00009.19_int_PF00009.19	3	0.969	0.917	0.917	0.500	0.000	0.000
PF00009.19_int_PF00009.19	6	1.000	0.778	1.000	0.500	0.000	0.000
PF00009.19_int_PF00009.19	7	0.919	0.151	0.900	0.500	0.000	0.000
PF00009.19_int_PF00009.19	17	0.871	0.583	0.946	0.500	0.000	0.000
PF00009.19_int_PF00627.23	1	0.983	0.842	0.941	0.895	0.789	1.000
PF00009.19_int_PF00627.23	5	0.955	0.550	1.000	0.950	0.900	1.000
PF00009.19_int_PF00627.23	7	0.995	0.429	1.000	0.857	0.714	1.000
PF00009.19_int_PF01873.9	1	0.933	0.526	0.870	0.671	0.342	1.000
PF00009.19_int_PF01873.9	3	0.913	0.636	1.000	0.795	0.591	1.000
PF00009.19_int_PF09173.3	1	0.939	0.810	0.872	0.940	0.881	1.000
PF00009.19_int_PF09173.3	6	0.975	0.765	0.907	0.853	0.706	1.000
PF00009.19_int_PF09173.3	7	0.862	0.433	0.812	0.717	0.433	1.000
PF00010.18_int_PF02344.7	1	0.738	0.200	1.000	0.500	0.000	0.000
PF00010.18_int_PF02344.7	2	1.000	1.000	0.500	0.500	0.000	0.000
PF00017.16_int_PF00102.19	1	0.926	0.810	0.944	0.917	0.833	1.000
PF00017.16_int_PF00102.19	2	0.957	0.833	0.897	0.917	0.833	1.000
PF00019.12_int_PF07686.9	1	0.900	0.800	1.000	0.500	0.000	0.000
PF00019.12_int_PF07686.9	2	0.698	0.211	1.000	0.500	0.000	0.000
PF00020.10_int_PF07686.9	1	0.778	0.500	1.000	0.750	0.500	1.000
PF00020.10_int_PF07686.9	2	0.926	0.444	1.000	0.667	0.333	1.000
PF00020.10_int_PF07686.9	5	0.782	0.167	0.778	0.500	0.000	0.000
PF00020.10_int_PF07686.9	10	0.969	0.750	1.000	0.688	0.375	1.000
PF00020.10_int_PF07686.9	11	0.889	0.333	1.000	0.500	0.000	0.000
PF00022.11_int_PF00273.12	1	0.927	0.036	1.000	0.500	0.000	0.000
PF00022.11_int_PF00273.12	2	0.896	0.000	0.000	0.500	0.000	0.000
PF00022.11_int_PF04045.6	1	0.989	0.884	0.974	0.709	0.419	1.000
PF00022.11_int_PF04045.6	11	1.000	0.920	1.000	0.860	0.720	1.000
PF00022.11_int_PF04062.6	1	0.902	0.279	0.857	0.651	0.302	1.000
PF00022.11_int_PF04062.6	11	0.895	0.000	0.000	0.906	0.812	1.000
PF00022.11_int_PF05856.4	1	0.898	0.722	0.929	0.500	0.000	0.000
PF00022.11_int_PF05856.4	2	0.752	0.000	0.000	0.500	0.000	0.000
PF00023.22_int_PF00018.20	1	0.969	0.944	0.895	0.972	0.944	1.000
PF00023.22_int_PF00018.20	2	0.909	0.667	0.875	0.905	0.810	1.000
PF00023.22_int_PF00018.20	3	0.935	0.111	1.000	0.500	0.000	0.000
PF00023.22_int_PF00412.14	1	0.692	0.538	0.778	0.577	0.154	1.000
PF00023.22_int_PF00412.14	2	0.469	0.000	0.000	0.786	0.571	1.000
PF00023.22_int_PF00412.14	3	0.688	0.444	0.727	0.528	0.111	0.667
PF00023.22_int_PF01412.10	1	0.917	0.824	0.875	0.824	0.647	1.000
PF00023.22_int_PF01412.10	2	0.826	0.333	0.667	0.958	0.917	1.000
PF00025.13_int_PF01369.12	1	0.998	0.918	1.000	0.877	0.753	1.000
PF00025.13_int_PF01369.12	6	0.985	0.942	0.956	0.899	0.797	1.000
PF00026.15_int_PF07686.9	1	0.785	0.458	0.846	0.521	0.042	1.000
PF00026.15_int_PF07686.9	2	0.737	0.000	0.000	0.524	0.048	1.000
PF00027.21_int_PF00069.17	1	0.769	0.333	0.857	0.861	0.722	1.000
PF00027.21_int_PF00069.17	2	0.784	0.111	0.667	0.861	0.722	1.000
PF00027.21_int_PF00325.12	1	0.980	0.429	1.000	0.857	0.714	1.000
PF00027.21_int_PF00325.12	3	0.987	0.067	1.000	0.667	0.333	1.000
PF00028.9_int_PF00059.13	1	0.919	0.538	1.000	0.750	0.500	1.000
PF00028.9_int_PF00059.13	5	0.796	0.696	0.889	0.783	0.565	1.000
PF00031.13_int_PF00031.13	1	0.836	0.836	0.781	0.898	0.820	0.946
PF00031.13_int_PF00031.13	2	0.847	0.000	0.000	0.711	0.428	0.987
PF00031.13_int_PF00031.13	18	0.891	0.881	0.850	0.904	0.807	1.000
PF00032.9_int_PF00033.11	1	0.967	0.914	0.881	0.963	0.926	1.000
PF00032.9_int_PF00033.11	2	0.979	0.911	0.965	0.972	0.944	1.000
PF00032.9_int_PF00033.11	5	0.972	0.890	0.948	0.980	0.963	0.988
PF00032.9_int_PF00033.11	20	0.932	0.906	0.967	0.953	0.906	1.000
PF00032.9_int_PF00033.11	26	0.988	0.904	0.943	0.938	0.877	1.000
PF00032.9_int_PF00033.11	28	0.919	0.762	0.901	0.976	0.952	1.000
PF00032.9_int_PF00033.11	38	0.981	0.839	0.986	0.989	0.977	1.000
PF00032.9_int_PF00355.18	1	1.000	1.000	1.000	0.917	0.833	1.000
PF00032.9_int_PF00355.18	2	0.993	1.000	0.960	0.979	0.958	1.000
PF00032.9_int_PF00355.18	8	0.989	0.760	0.950	0.900	0.800	1.000
PF00032.9_int_PF00355.18	9	0.992	0.842	1.000	0.737	0.474	1.000
PF00032.9_int_PF00355.18	11	0.990	0.900	1.000	0.920	0.850	0.944
PF00032.9_int_PF00355.18	17	0.962	0.824	0.933	1.000	1.000	1.000
PF00032.9_int_PF00355.18	40	0.963	0.889	0.960	0.926	0.852	1.000
PF00032.9_int_PF02529.7	1	0.957	0.857	0.923	0.929	0.857	1.000
PF00032.9_int_PF02529.7	2	0.989	0.897	0.963	0.948	0.897	1.000
PF00032.9_int_PF02529.7	5	0.952	0.867	0.963	0.933	0.867	1.000
PF00033.11_int_PF02167.7	1	1.000	0.762	1.000	0.833	0.667	1.000
PF00033.11_int_PF02167.7	2	1.000	1.000	0.882	0.967	0.933	1.000
PF00033.11_int_PF02167.7	5	1.000	1.000	1.000	0.885	0.769	1.000
PF00033.11_int_PF02167.7	25	1.000	0.857	1.000	1.000	1.000	1.000
PF00033.11_int_PF02167.7	30	1.000	0.933	1.000	0.967	0.933	1.000
PF00033.11_int_PF02529.7	1	0.947	0.742	0.958	0.903	0.806	1.000
PF00033.11_int_PF02529.7	2	0.997	0.964	0.964	0.946	0.893	1.000
PF00033.11_int_PF02921.6	1	1.000	0.952	1.000	0.905	0.810	1.000
PF00033.11_int_PF02921.6	2	1.000	1.000	0.955	1.000	1.000	1.000
PF00033.11_int_PF02921.6	7	0.995	0.960	1.000	0.900	0.800	1.000
PF00033.11_int_PF03742.6	1	1.000	1.000	1.000	0.875	0.750	1.000
PF00033.11_int_PF03742.6	2	1.000	0.833	1.000	1.000	1.000	1.000
PF00033.11_int_PF10399.1	1	0.994	0.842	1.000	0.842	0.684	1.000
PF00033.11_int_PF10399.1	5	0.858	0.692	0.692	1.000	1.000	1.000
PF00034.13_int_PF00124.11	1	0.926	0.222	1.000	0.556	0.111	1.000
PF00034.13_int_PF00124.11	2	0.927	0.412	1.000	0.529	0.059	1.000
PF00036.24_int_PF01023.11	1	0.991	1.000	0.882	0.833	0.667	1.000
PF00036.24_int_PF01023.11	6	0.899	0.250	0.929	0.596	0.192	1.000
PF00037.19_int_PF00037.19	1	0.930	0.826	0.950	0.986	1.000	0.885
PF00037.19_int_PF00037.19	3	0.796	0.514	0.750	0.831	0.743	0.897
PF00037.19_int_PF00037.19	5	0.772	0.667	0.723	0.969	0.941	0.980
PF00037.19_int_PF00037.19	6	0.667	0.705	0.674	0.999	1.000	0.936
PF00037.19_int_PF00037.19	7	0.863	0.917	0.786	0.977	0.958	0.958
PF00037.19_int_PF00037.19	8	0.734	0.804	0.673	0.974	0.978	0.833
PF00037.19_int_PF00037.19	14	0.886	0.682	0.938	0.901	0.818	0.900
PF00037.19_int_PF00037.19	18	0.694	0.762	0.653	0.916	0.881	0.881
PF00037.19_int_PF00037.19	31	0.773	0.587	0.771	0.962	0.935	0.935
PF00037.19_int_PF00037.19	33	0.908	0.875	0.875	1.000	1.000	0.889
PF00037.19_int_PF00037.19	43	0.963	0.444	1.000	0.389	0.000	0.000
PF00037.19_int_PF00037.19	51	0.680	0.776	0.623	0.958	0.959	0.887
