PF07716.7_int_PF07716.7	1	1.000	1.000	0.778	0.900	0.800	1.000
PF07716.7_int_PF07716.7	10	0.978	0.824	0.966	0.912	0.824	1.000
PF00004.21_int_PF05496.4	1	1.000	1.000	0.981	0.765	0.529	1.000
PF00004.21_int_PF05496.4	3	0.870	0.270	1.000	0.714	0.429	1.000
PF00004.21_int_PF05491.5	1	1.000	1.000	0.900	0.528	0.056	1.000
PF00004.21_int_PF05491.5	3	0.869	0.040	1.000	0.540	0.080	1.000
PF00004.21_int_PF02861.12	1	1.000	1.000	0.889	0.500	0.000	0.000
PF00004.21_int_PF02861.12	2	0.453	0.000	0.000	0.500	0.000	0.000
PF00087.13_int_PF00087.13	1	1.000	1.000	0.958	0.880	0.783	0.947
PF00087.13_int_PF00087.13	2	0.926	0.864	0.826	0.523	0.045	1.000
PF00087.13_int_PF00087.13	4	1.000	1.000	0.912	0.847	0.710	0.957
PF00087.13_int_PF00087.13	5	1.000	0.909	1.000	0.864	0.727	1.000
PF00087.13_int_PF00087.13	6	1.000	1.000	1.000	0.875	0.750	1.000
PF00087.13_int_PF00087.13	7	0.996	0.955	0.955	0.477	0.000	0.000
PF00087.13_int_PF00087.13	8	0.992	0.909	0.909	0.500	0.000	0.000
PF00087.13_int_PF00087.13	10	0.942	0.533	1.000	0.891	0.800	0.923
PF00087.13_int_PF00087.13	12	0.995	0.970	0.970	0.856	0.727	0.960
PF00087.13_int_PF00087.13	16	0.995	0.950	0.950	0.525	0.050	1.000
PF01880.10_int_PF01880.10	1	1.000	1.000	0.971	0.530	0.061	1.000
PF01880.10_int_PF01880.10	14	1.000	1.000	1.000	0.870	0.741	1.000
PF01880.10_int_PF01880.10	17	0.661	0.000	0.000	0.778	0.556	1.000
PF01880.10_int_PF01880.10	20	0.980	0.928	0.877	0.514	0.029	1.000
PF00081.14_int_PF00081.14	1	0.995	1.000	0.828	0.833	0.667	1.000
PF00081.14_int_PF00081.14	2	1.000	1.000	1.000	0.654	0.308	1.000
PF00081.14_int_PF00081.14	5	1.000	1.000	1.000	1.000	1.000	1.000
PF00081.14_int_PF00081.14	7	0.951	0.385	1.000	0.878	0.769	0.968
PF00081.14_int_PF00081.14	12	1.000	1.000	0.889	0.633	0.375	0.750
PF00081.14_int_PF00081.14	26	1.000	1.000	1.000	0.500	0.000	0.000
PF00081.14_int_PF00081.14	40	1.000	1.000	1.000	0.500	0.000	0.000
PF00081.14_int_PF00081.14	42	1.000	1.000	0.892	1.000	1.000	1.000
PF00074.12_int_PF07686.9	1	1.000	1.000	1.000	0.500	0.000	0.000
PF00074.12_int_PF07686.9	7	1.000	1.000	1.000	0.536	0.071	1.000
PF00074.12_int_PF07686.9	8	0.762	0.130	1.000	0.522	0.043	1.000
PF00051.10_int_PF00051.10	1	1.000	1.000	0.900	0.500	0.000	0.000
PF00051.10_int_PF00051.10	3	1.000	1.000	1.000	0.556	0.111	1.000
PF00051.10_int_PF00051.10	4	1.000	1.000	1.000	0.571	0.143	1.000
PF00051.10_int_PF00051.10	5	0.350	0.000	0.000	0.500	0.000	0.000
PF00051.10_int_PF00051.10	6	1.000	1.000	1.000	0.500	0.000	0.000
PF00051.10_int_PF00051.10	11	0.929	1.000	0.737	0.464	0.000	0.000
PF00051.10_int_PF00051.10	12	1.000	1.000	1.000	0.467	0.000	0.000
PF00051.10_int_PF00051.10	16	0.968	1.000	0.852	0.500	0.000	0.000
PF01855.11_int_PF01855.11	1	0.830	0.000	0.000	0.500	0.000	0.000
PF01855.11_int_PF01855.11	3	0.999	0.985	0.971	0.500	0.000	0.000
PF07467.3_int_PF00144.16	1	0.975	0.849	0.978	0.915	0.830	1.000
PF07467.3_int_PF00144.16	11	1.000	1.000	0.981	0.931	0.863	1.000
PF01797.8_int_PF01797.8	1	1.000	0.964	1.000	0.946	0.893	1.000
PF01797.8_int_PF01797.8	3	0.996	0.918	0.978	0.939	0.878	1.000
PF01797.8_int_PF01797.8	7	0.999	0.956	1.000	1.000	1.000	1.000
PF01797.8_int_PF01797.8	9	0.900	0.000	0.000	0.900	0.800	1.000
PF00933.13_int_PF01915.14	1	0.884	0.000	0.000	0.610	0.221	1.000
PF00933.13_int_PF01915.14	10	1.000	1.000	1.000	0.702	0.404	1.000
PF00899.13_int_PF02134.13	1	0.997	1.000	0.912	0.942	0.885	1.000
PF00899.13_int_PF02134.13	2	1.000	1.000	1.000	0.500	0.000	0.000
PF00899.13_int_PF02134.13	15	0.980	1.000	0.900	0.944	0.889	1.000
PF00899.13_int_PF02134.13	22	0.979	0.471	1.000	0.912	0.824	1.000
PF00034.13_int_PF02239.8	1	1.000	1.000	1.000	0.944	0.889	1.000
PF00034.13_int_PF02239.8	6	1.000	0.875	1.000	0.750	0.500	1.000
PF07367.3_int_PF07367.3	1	1.000	1.000	1.000	0.964	0.929	1.000
PF07367.3_int_PF07367.3	3	0.976	0.638	1.000	0.928	0.855	1.000
PF07367.3_int_PF07367.3	13	0.999	0.983	0.967	0.983	0.966	1.000
PF06560.3_int_PF06560.3	1	0.955	0.891	0.911	0.913	0.826	1.000
PF06560.3_int_PF06560.3	4	1.000	1.000	0.952	0.975	0.950	1.000
PF00034.13_int_PF00141.15	1	0.875	0.250	1.000	0.688	0.375	1.000
PF00034.13_int_PF00141.15	7	1.000	1.000	1.000	0.583	0.167	1.000
PF05739.11_int_PF05739.11	1	1.000	0.900	1.000	0.950	0.900	1.000
PF05739.11_int_PF05739.11	2	0.986	0.894	0.977	0.628	0.255	1.000
PF05739.11_int_PF05739.11	9	0.990	1.000	0.833	0.900	0.800	1.000
PF05739.11_int_PF05739.11	10	1.000	1.000	1.000	1.000	1.000	1.000
PF05739.11_int_PF05739.11	19	0.985	0.929	0.929	0.929	0.857	1.000
PF05739.11_int_PF05739.11	23	0.201	0.000	0.000	0.500	0.000	0.000
PF04998.9_int_PF04567.9	1	1.000	1.000	1.000	0.786	0.571	1.000
PF04998.9_int_PF04567.9	10	1.000	0.833	1.000	0.833	0.667	1.000
PF00033.11_int_PF02939.8	1	1.000	1.000	0.500	0.750	0.500	1.000
PF00033.11_int_PF02939.8	2	1.000	1.000	0.615	0.625	0.250	1.000
PF00033.11_int_PF02939.8	26	1.000	1.000	0.545	0.917	0.833	1.000
PF00033.11_int_PF02271.8	1	1.000	1.000	1.000	1.000	1.000	1.000
PF00033.11_int_PF02271.8	2	1.000	0.571	1.000	0.857	0.714	1.000
PF00033.11_int_PF02271.8	5	1.000	1.000	1.000	0.750	0.500	1.000
PF00004.21_int_PF01434.10	1	0.990	0.226	1.000	0.968	0.935	1.000
PF00004.21_int_PF01434.10	2	0.997	0.932	0.976	0.920	0.841	1.000
PF00004.21_int_PF01434.10	14	1.000	0.960	1.000	0.720	0.440	1.000
PF00004.21_int_PF01434.10	23	1.000	0.951	1.000	0.659	0.317	1.000
PF00004.21_int_PF01434.10	24	1.000	0.895	1.000	0.895	0.789	1.000
PF00004.21_int_PF00023.22	1	1.000	1.000	1.000	0.625	0.333	0.800
PF00004.21_int_PF00023.22	2	1.000	1.000	1.000	0.850	0.700	1.000
PF00004.21_int_PF00023.22	3	0.975	0.778	1.000	0.722	0.444	1.000
PF00004.21_int_PF00023.22	4	1.000	1.000	1.000	0.625	0.250	1.000
PF00004.21_int_PF00023.22	13	1.000	0.000	0.000	0.667	0.333	1.000
PF00004.21_int_PF00023.22	14	1.000	1.000	1.000	0.750	0.500	1.000
PF00004.21_int_PF00023.22	15	1.000	1.000	0.818	0.593	0.333	0.750
PF00004.21_int_PF00023.22	16	0.983	0.818	1.000	0.727	0.455	1.000
PF00001.13_int_PF07686.9	1	0.650	0.000	0.000	0.500	0.000	0.000
PF00001.13_int_PF07686.9	2	1.000	1.000	1.000	0.500	0.000	0.000
PF00033.11_int_PF00355.18	1	1.000	1.000	1.000	1.000	1.000	1.000
PF00033.11_int_PF00355.18	3	1.000	1.000	1.000	0.955	0.909	1.000
PF00033.11_int_PF00355.18	7	1.000	1.000	1.000	0.900	0.800	1.000
PF00033.11_int_PF00355.18	8	1.000	1.000	1.000	0.625	0.250	1.000
PF00033.11_int_PF00355.18	10	1.000	1.000	1.000	1.000	1.000	1.000
PF00033.11_int_PF00355.18	16	1.000	1.000	1.000	1.000	1.000	1.000
PF00033.11_int_PF00355.18	39	1.000	0.900	1.000	0.950	0.900	1.000
PF00001.13_int_PF00959.11	1	1.000	0.833	1.000	0.917	0.833	1.000
PF00001.13_int_PF00959.11	3	1.000	1.000	0.875	0.857	0.714	1.000
PF00782.12_int_PF00782.12	1	0.444	0.000	0.000	0.500	0.000	0.000
PF00782.12_int_PF00782.12	2	1.000	1.000	0.867	0.615	0.231	1.000
PF00782.12_int_PF00782.12	3	1.000	1.000	1.000	0.500	0.091	0.500
PF00782.12_int_PF00782.12	4	1.000	1.000	1.000	0.500	0.000	0.000
PF00782.12_int_PF00782.12	7	1.000	1.000	1.000	0.500	0.000	0.000
PF00782.12_int_PF00782.12	11	1.000	0.909	1.000	0.530	0.061	1.000
PF00782.12_int_PF00782.12	13	1.000	1.000	1.000	0.500	0.000	0.000
PF00782.12_int_PF00782.12	18	1.000	1.000	1.000	0.500	0.000	0.000
PF00712.11_int_PF02768.7	1	1.000	1.000	0.971	0.824	0.647	1.000
PF00712.11_int_PF02768.7	7	1.000	1.000	1.000	0.982	0.964	1.000
PF00712.11_int_PF02768.7	9	0.992	0.966	0.966	0.983	0.966	1.000
PF00711.11_int_PF00711.11	1	0.972	1.000	0.857	0.500	0.000	0.000
PF00711.11_int_PF00711.11	23	0.400	0.000	0.000	0.500	0.000	0.000
PF01729.11_int_PF01729.11	1	0.910	0.062	1.000	0.812	0.625	1.000
PF01729.11_int_PF01729.11	2	1.000	1.000	0.960	0.875	0.750	1.000
PF01729.11_int_PF01729.11	3	1.000	1.000	1.000	1.000	1.000	1.000
PF01729.11_int_PF01729.11	15	1.000	0.917	1.000	0.958	0.917	1.000
PF01729.11_int_PF01729.11	17	1.000	1.000	1.000	0.767	0.533	1.000
PF01729.11_int_PF01729.11	23	1.000	0.714	1.000	0.929	0.857	1.000
PF01729.11_int_PF01729.11	35	1.000	0.944	1.000	1.000	1.000	1.000
PF00617.11_int_PF00618.12	1	0.998	1.000	0.970	0.875	0.750	1.000
PF00617.11_int_PF00618.12	11	0.898	0.000	0.000	0.779	0.558	1.000
PF01658.9_int_PF01658.9	1	1.000	1.000	1.000	0.979	0.958	1.000
PF01658.9_int_PF01658.9	2	1.000	1.000	0.957	0.989	0.978	1.000
PF01658.9_int_PF01658.9	7	0.992	0.959	1.000	0.980	0.959	1.000
PF01658.9_int_PF01658.9	10	0.981	0.966	0.933	0.518	0.069	0.667
PF01658.9_int_PF01658.9	11	1.000	1.000	0.958	0.989	0.978	0.978
PF01658.9_int_PF01658.9	16	1.000	1.000	0.979	0.908	0.826	0.974
PF00001.13_int_PF00001.13	1	0.696	0.000	0.000	0.500	0.000	0.000
PF00001.13_int_PF00001.13	3	1.000	1.000	1.000	0.500	0.000	0.000
PF10527.1_int_PF10527.1	1	1.000	1.000	0.929	0.615	0.231	1.000
PF10527.1_int_PF10527.1	2	1.000	1.000	1.000	0.833	0.667	1.000
PF10527.1_int_PF10527.1	3	1.000	1.000	1.000	1.000	1.000	1.000
PF10527.1_int_PF10527.1	6	1.000	1.000	1.000	1.000	1.000	1.000
PF10527.1_int_PF10527.1	11	1.000	1.000	1.000	1.000	1.000	1.000
PF01472.12_int_PF01509.10	1	1.000	1.000	1.000	0.909	0.818	1.000
PF01472.12_int_PF01509.10	4	1.000	1.000	1.000	0.929	0.857	1.000
PF01472.12_int_PF01509.10	5	1.000	1.000	1.000	1.000	1.000	1.000
PF01472.12_int_PF01509.10	7	1.000	0.929	1.000	0.964	0.929	1.000
PF10415.1_int_PF00206.12	1	1.000	1.000	1.000	0.833	0.667	1.000
PF10415.1_int_PF00206.12	9	0.967	0.455	1.000	0.818	0.636	1.000
PF10415.1_int_PF00206.12	13	1.000	1.000	1.000	0.500	0.000	0.000
PF10415.1_int_PF00206.12	19	1.000	1.000	1.000	0.792	0.583	1.000
PF10415.1_int_PF00206.12	24	1.000	1.000	0.889	1.000	1.000	1.000
PF08516.4_int_PF00200.15	1	1.000	1.000	1.000	0.967	0.933	1.000
PF08516.4_int_PF00200.15	7	1.000	1.000	1.000	1.000	1.000	1.000
PF08516.4_int_PF00200.15	8	1.000	0.909	1.000	1.000	1.000	1.000
PF08516.4_int_PF00200.15	17	0.958	0.000	0.000	0.917	0.833	1.000
PF00008.19_int_PF01030.16	1	1.000	1.000	1.000	0.900	0.800	1.000
PF00008.19_int_PF01030.16	2	1.000	1.000	1.000	0.800	0.600	1.000
PF00008.19_int_PF01030.16	5	1.000	1.000	1.000	1.000	1.000	1.000
PF00008.19_int_PF01030.16	6	0.980	0.857	1.000	0.929	0.857	1.000
PF00008.19_int_PF00089.18	1	1.000	1.000	0.944	0.735	0.471	1.000
PF00008.19_int_PF00089.18	2	1.000	1.000	1.000	0.500	0.000	0.000
PF00008.19_int_PF00089.18	23	1.000	1.000	1.000	1.000	1.000	1.000
PF00008.19_int_PF00089.18	37	0.924	0.167	1.000	0.708	0.417	1.000
PF00008.19_int_PF00059.13	1	1.000	1.000	0.778	0.929	0.857	1.000
PF00008.19_int_PF00059.13	2	1.000	1.000	1.000	0.500	0.000	0.000
PF00008.19_int_PF00059.13	7	1.000	1.000	0.857	1.000	1.000	1.000
PF00007.14_int_PF00236.10	1	0.989	0.982	0.896	0.855	0.728	0.976
PF00007.14_int_PF00236.10	5	0.887	0.620	0.926	0.843	0.686	1.000
PF03284.5_int_PF03284.5	1	0.991	0.968	0.889	0.806	0.613	1.000
PF03284.5_int_PF03284.5	2	0.962	0.727	0.947	0.884	0.768	1.000
PF02843.8_int_PF02844.7	1	0.999	0.962	1.000	0.904	0.808	1.000
PF02843.8_int_PF02844.7	2	1.000	1.000	1.000	1.000	1.000	1.000
PF02843.8_int_PF02844.7	4	1.000	1.000	0.967	0.914	0.828	1.000
PF02843.8_int_PF02844.7	6	0.996	0.913	1.000	1.000	1.000	1.000
PF02843.8_int_PF02844.7	8	1.000	1.000	0.957	0.977	0.955	1.000
PF02843.8_int_PF02844.7	12	1.000	1.000	1.000	0.960	0.920	1.000
PF01368.12_int_PF01368.12	1	0.998	0.965	0.982	0.956	0.912	1.000
PF01368.12_int_PF01368.12	2	0.999	1.000	0.938	0.910	0.820	1.000
PF01368.12_int_PF01368.12	3	1.000	1.000	0.953	0.959	0.918	1.000
PF01368.12_int_PF01368.12	8	1.000	0.981	0.981	0.875	0.750	1.000
PF01368.12_int_PF01368.12	9	1.000	1.000	1.000	0.500	0.000	0.000
PF00033.11_int_PF00033.11	1	0.966	0.655	1.000	0.927	0.855	1.000
PF00033.11_int_PF00033.11	2	1.000	1.000	1.000	0.927	0.855	1.000
PF00033.11_int_PF00033.11	5	0.994	0.962	0.962	0.750	0.500	1.000
PF00033.11_int_PF00033.11	6	0.998	1.000	0.917	0.963	0.955	0.977
PF00033.11_int_PF00033.11	9	0.999	1.000	0.972	0.857	0.714	1.000
PF00033.11_int_PF00033.11	20	1.000	1.000	1.000	1.000	1.000	1.000
PF00032.9_int_PF02939.8	1	1.000	1.000	1.000	0.960	0.920	1.000
PF00032.9_int_PF02939.8	2	1.000	1.000	1.000	0.942	0.885	1.000
PF00032.9_int_PF02939.8	5	1.000	1.000	0.972	0.814	0.629	1.000
PF00032.9_int_PF02939.8	31	0.994	0.714	1.000	0.982	0.964	1.000
PF01329.11_int_PF01329.11	1	1.000	1.000	1.000	0.987	0.974	1.000
PF01329.11_int_PF01329.11	42	1.000	1.000	1.000	1.000	1.000	1.000
PF01329.11_int_PF01329.11	43	0.963	0.000	0.000	0.905	0.811	1.000
PF01329.11_int_PF01329.11	44	1.000	1.000	0.974	1.000	1.000	1.000
PF01329.11_int_PF01329.11	47	0.993	0.500	1.000	0.500	0.000	0.000
PF00032.9_int_PF02271.8	1	1.000	1.000	1.000	1.000	1.000	1.000
PF00032.9_int_PF02271.8	2	1.000	1.000	0.947	0.944	0.889	1.000
PF00032.9_int_PF02271.8	5	1.000	1.000	1.000	0.929	0.857	1.000
PF00032.9_int_PF02271.8	31	1.000	1.000	1.000	1.000	1.000	1.000
PF02581.9_int_PF02581.9	1	0.835	0.000	0.000	0.500	0.000	0.000
PF02581.9_int_PF02581.9	8	0.998	1.000	0.977	0.663	0.326	1.000
PF02581.9_int_PF02581.9	9	1.000	1.000	1.000	0.792	0.583	1.000
PF00563.12_int_PF00563.12	1	0.853	0.000	0.000	0.815	0.630	1.000
PF00563.12_int_PF00563.12	2	1.000	1.000	0.902	0.773	0.545	1.000
PF00563.12_int_PF00563.12	4	1.000	1.000	0.918	0.741	0.482	1.000
PF00563.12_int_PF00563.12	9	1.000	1.000	0.980	0.500	0.000	0.000
PF00511.9_int_PF00511.9	1	0.996	1.000	0.882	0.900	0.800	1.000
PF00511.9_int_PF00511.9	2	1.000	1.000	1.000	0.975	0.950	1.000
PF00511.9_int_PF00511.9	3	0.998	0.975	1.000	0.950	0.900	1.000
PF00511.9_int_PF00511.9	7	1.000	1.000	0.971	1.000	1.000	1.000
PF00511.9_int_PF00511.9	9	0.999	1.000	0.963	0.885	0.769	1.000
PF00511.9_int_PF00511.9	15	0.975	0.861	0.969	0.936	0.917	0.971
PF01322.12_int_PF01322.12	1	1.000	1.000	1.000	0.474	0.000	0.000
PF01322.12_int_PF01322.12	2	0.728	0.040	1.000	0.640	0.280	1.000
PF01322.12_int_PF01322.12	3	1.000	1.000	0.929	0.692	0.385	1.000
PF01322.12_int_PF01322.12	4	1.000	1.000	1.000	0.828	0.655	1.000
PF01322.12_int_PF01322.12	6	1.000	1.000	1.000	0.500	0.000	0.000
PF01322.12_int_PF01322.12	8	1.000	1.000	1.000	0.726	0.452	1.000
PF00028.9_int_PF00028.9	1	1.000	1.000	1.000	0.500	0.000	0.000
PF00028.9_int_PF00028.9	3	0.245	0.000	0.000	0.500	0.000	0.000
PF00028.9_int_PF00028.9	7	1.000	1.000	1.000	0.481	0.000	0.000
PF00028.9_int_PF00028.9	8	0.988	1.000	0.900	0.444	0.000	0.000
PF00028.9_int_PF00028.9	19	1.000	1.000	1.000	0.500	0.000	0.000
PF00028.9_int_PF00028.9	20	1.000	1.000	1.000	0.450	0.000	0.000
PF00028.9_int_PF00028.9	21	1.000	1.000	1.000	0.500	0.000	0.000
PF00028.9_int_PF00028.9	22	1.000	1.000	1.000	0.500	0.000	0.000
PF01221.10_int_PF01221.10	1	1.000	1.000	0.833	0.500	0.000	0.000
PF01221.10_int_PF01221.10	6	0.479	0.231	0.500	0.500	0.000	0.000
PF01197.10_int_PF01281.11	1	1.000	0.667	1.000	0.500	0.000	0.000
PF01197.10_int_PF01281.11	4	0.918	0.000	0.000	0.500	0.000	0.000
PF00006.17_int_PF02874.15	1	1.000	0.905	1.000	1.000	1.000	1.000
PF00006.17_int_PF02874.15	4	1.000	1.000	0.952	1.000	1.000	1.000
PF00006.17_int_PF02874.15	37	1.000	1.000	1.000	1.000	1.000	1.000
PF00006.17_int_PF02874.15	38	1.000	1.000	1.000	0.955	0.909	1.000
PF00006.17_int_PF02874.15	67	1.000	1.000	1.000	1.000	1.000	1.000
PF00006.17_int_PF02874.15	68	1.000	1.000	1.000	1.000	1.000	1.000
PF00006.17_int_PF02874.15	81	0.994	0.884	0.950	0.523	0.047	1.000
PF00006.17_int_PF02874.15	91	1.000	1.000	1.000	1.000	1.000	1.000
PF00006.17_int_PF02874.15	94	1.000	1.000	1.000	1.000	1.000	1.000
PF00006.17_int_PF02874.15	151	1.000	1.000	1.000	1.000	1.000	1.000
PF00006.17_int_PF02874.15	154	1.000	1.000	1.000	1.000	1.000	1.000
PF00006.17_int_PF02874.15	157	0.999	0.963	0.963	0.667	0.333	1.000
PF00006.17_int_PF02874.15	190	1.000	0.571	1.000	0.714	0.429	1.000
PF00006.17_int_PF02874.15	191	1.000	1.000	1.000	0.750	0.500	1.000
PF01081.11_int_PF01081.11	1	0.599	0.000	0.000	0.533	0.067	1.000
PF01081.11_int_PF01081.11	13	0.994	0.913	0.955	0.739	0.478	1.000
PF01081.11_int_PF01081.11	22	1.000	1.000	1.000	0.500	0.000	0.000
PF01081.11_int_PF01081.11	36	1.000	1.000	1.000	0.722	0.444	1.000
PF02558.8_int_PF08546.3	1	0.997	0.436	1.000	0.987	0.974	1.000
PF02558.8_int_PF08546.3	4	1.000	1.000	0.974	0.921	0.842	1.000
PF02558.8_int_PF08546.3	8	1.000	1.000	0.932	0.874	0.756	0.969
PF02558.8_int_PF08546.3	11	0.998	0.969	0.969	0.984	0.969	1.000
PF02558.8_int_PF08546.3	21	1.000	1.000	1.000	0.922	0.844	1.000
PF02558.8_int_PF08546.3	23	1.000	1.000	0.977	0.929	0.857	1.000
PF02558.8_int_PF08546.3	31	1.000	1.000	0.978	0.955	0.909	1.000
PF02403.14_int_PF00587.17	1	1.000	0.889	1.000	0.944	0.889	1.000
PF02403.14_int_PF00587.17	2	1.000	1.000	1.000	1.000	1.000	1.000
PF02403.14_int_PF00587.17	9	1.000	1.000	1.000	0.900	0.800	1.000
PF02403.14_int_PF00587.17	15	1.000	1.000	0.962	0.920	0.840	1.000
PF02201.10_int_PF02201.10	1	1.000	1.000	0.545	0.500	0.000	0.000
PF02201.10_int_PF02201.10	4	1.000	1.000	0.571	0.500	0.000	0.000
PF02201.10_int_PF02201.10	8	0.379	1.000	0.500	0.500	0.000	0.000
PF01071.11_int_PF02844.7	1	0.998	0.891	1.000	0.973	0.945	1.000
PF01071.11_int_PF02844.7	2	1.000	1.000	1.000	1.000	1.000	1.000
PF01071.11_int_PF02844.7	4	1.000	1.000	0.957	0.900	0.800	1.000
PF01071.11_int_PF02844.7	7	0.998	1.000	0.961	1.000	1.000	1.000
PF01071.11_int_PF02844.7	9	0.999	1.000	0.981	0.962	0.925	1.000
PF01071.11_int_PF02844.7	13	1.000	1.000	0.966	0.955	0.911	1.000
PF01071.11_int_PF02843.8	1	0.998	0.745	1.000	0.980	0.961	1.000
PF01071.11_int_PF02843.8	2	1.000	1.000	0.953	0.997	1.000	0.976
PF01071.11_int_PF02843.8	4	0.999	1.000	0.979	0.968	0.936	1.000
PF01071.11_int_PF02843.8	6	1.000	1.000	0.982	1.000	1.000	1.000
PF01071.11_int_PF02843.8	8	1.000	1.000	0.984	0.958	0.917	1.000
PF01071.11_int_PF02843.8	12	1.000	0.982	1.000	0.991	0.982	1.000
PF00993.12_int_PF02876.9	1	1.000	1.000	1.000	0.850	0.700	1.000
PF00993.12_int_PF02876.9	5	0.984	1.000	0.889	0.938	0.875	1.000
PF00984.11_int_PF03720.7	1	0.998	0.976	0.930	0.707	0.415	1.000
PF00984.11_int_PF03720.7	3	1.000	1.000	1.000	0.844	0.688	1.000
PF00984.11_int_PF03720.7	15	0.981	0.760	0.950	0.940	0.880	1.000
PF00984.11_int_PF03720.7	18	1.000	0.957	1.000	0.957	0.913	1.000
PF00984.11_int_PF03720.7	38	1.000	1.000	1.000	1.000	1.000	1.000
PF00984.11_int_PF03720.7	40	1.000	1.000	1.000	1.000	1.000	1.000
PF00017.16_int_PF00102.19	1	1.000	1.000	1.000	0.917	0.833	1.000
PF00017.16_int_PF00102.19	2	0.981	0.810	1.000	0.917	0.833	1.000
PF00010.18_int_PF02344.7	1	1.000	1.000	0.517	0.500	0.000	0.000
PF00010.18_int_PF02344.7	2	0.917	1.000	0.500	0.500	0.000	0.000
PF00017.16_int_PF00018.20	1	1.000	1.000	1.000	0.611	0.222	1.000
PF00017.16_int_PF00018.20	2	1.000	1.000	1.000	0.500	0.000	0.000
PF00017.16_int_PF00018.20	4	1.000	1.000	1.000	0.500	0.000	0.000
PF00017.16_int_PF00018.20	5	1.000	1.000	1.000	0.500	0.000	0.000
PF00017.16_int_PF00018.20	7	1.000	1.000	0.895	0.441	0.000	0.000
PF00017.16_int_PF00018.20	8	1.000	1.000	0.947	0.528	0.111	0.667
PF00017.16_int_PF00018.20	20	1.000	1.000	1.000	0.500	0.000	0.000
PF00017.16_int_PF00018.20	21	0.993	1.000	0.923	0.500	0.000	0.000
PF00017.16_int_PF00018.20	22	0.690	0.000	0.000	0.523	0.091	0.667
PF00004.21_int_PF09336.2	1	0.999	1.000	0.914	0.875	0.750	1.000
PF00004.21_int_PF09336.2	2	0.999	1.000	0.960	0.948	0.896	1.000
PF00004.21_int_PF09336.2	7	0.953	0.130	0.857	0.859	0.717	1.000
PF00385.16_int_PF00385.16	1	1.000	1.000	0.917	0.864	0.727	1.000
PF00385.16_int_PF00385.16	11	1.000	1.000	1.000	0.900	0.800	1.000
PF00385.16_int_PF00385.16	13	1.000	0.444	1.000	0.500	0.000	0.000
PF00385.16_int_PF00385.16	17	1.000	1.000	1.000	0.525	0.111	0.667
PF00385.16_int_PF00385.16	18	0.997	1.000	0.950	0.553	0.105	1.000
PF00385.16_int_PF00385.16	19	0.609	0.000	0.000	0.500	0.000	0.000
PF00009.19_int_PF09173.3	1	1.000	1.000	0.955	0.940	0.881	1.000
PF00009.19_int_PF09173.3	6	0.925	0.627	1.000	0.853	0.706	1.000
PF00009.19_int_PF09173.3	7	1.000	1.000	1.000	0.717	0.433	1.000
PF00254.20_int_PF00254.20	1	0.994	1.000	0.885	0.522	0.043	1.000
PF00254.20_int_PF00254.20	7	1.000	1.000	1.000	0.500	0.000	0.000
PF00254.20_int_PF00254.20	9	0.686	0.000	0.000	0.500	0.000	0.000
PF00254.20_int_PF00254.20	15	1.000	1.000	1.000	0.500	0.000	0.000
PF00254.20_int_PF00254.20	16	1.000	1.000	0.952	0.500	0.000	0.000
PF00254.20_int_PF00254.20	18	1.000	1.000	1.000	0.545	0.091	1.000
PF00009.19_int_PF01873.9	1	0.848	0.842	0.800	0.671	0.342	1.000
PF00009.19_int_PF01873.9	3	1.000	1.000	0.710	0.795	0.591	1.000
PF00009.19_int_PF00627.23	1	1.000	1.000	1.000	0.895	0.789	1.000
PF00009.19_int_PF00627.23	5	0.998	1.000	0.952	0.950	0.900	1.000
PF00009.19_int_PF00627.23	7	0.986	0.190	1.000	0.857	0.714	1.000
PF00243.10_int_PF00243.10	1	0.996	0.986	0.895	0.978	0.957	1.000
PF00243.10_int_PF00243.10	2	0.992	0.909	0.972	0.968	0.935	1.000
PF00243.10_int_PF00243.10	3	0.995	0.987	0.949	0.987	0.973	1.000
PF00243.10_int_PF00243.10	4	0.980	0.700	1.000	0.650	0.300	1.000
PF00243.10_int_PF00243.10	7	0.997	0.989	0.937	0.911	0.822	1.000
PF00243.10_int_PF00243.10	8	0.994	0.985	0.930	0.925	0.851	1.000
PF00243.10_int_PF00243.10	12	0.999	1.000	0.953	0.982	0.963	1.000
PF02167.7_int_PF02167.7	1	1.000	0.000	0.000	0.905	0.810	1.000
PF02167.7_int_PF02167.7	2	1.000	1.000	1.000	0.947	0.895	1.000
PF02167.7_int_PF02167.7	5	1.000	1.000	1.000	1.000	1.000	1.000
PF00025.13_int_PF01369.12	1	0.966	0.767	0.949	0.870	0.753	0.982
PF00025.13_int_PF01369.12	6	0.999	1.000	0.972	0.899	0.797	1.000
PF00023.22_int_PF01412.10	1	1.000	1.000	0.944	0.824	0.647	1.000
PF00023.22_int_PF01412.10	2	1.000	1.000	0.857	0.958	0.917	1.000
PF00023.22_int_PF00412.14	1	1.000	1.000	1.000	0.577	0.154	1.000
PF00023.22_int_PF00412.14	2	1.000	1.000	1.000	0.786	0.571	1.000
PF00023.22_int_PF00412.14	3	0.698	0.333	1.000	0.556	0.111	1.000
PF00023.22_int_PF00018.20	1	1.000	1.000	0.947	0.972	0.944	1.000
PF00023.22_int_PF00018.20	2	1.000	1.000	0.840	0.905	0.810	1.000
PF00023.22_int_PF00018.20	3	0.565	0.000	0.000	0.500	0.000	0.000
PF00022.11_int_PF05856.4	1	0.534	0.000	0.000	0.500	0.000	0.000
PF00022.11_int_PF05856.4	2	0.994	0.927	0.950	0.500	0.000	0.000
PF00028.9_int_PF00059.13	1	1.000	1.000	0.963	0.750	0.500	1.000
PF00028.9_int_PF00059.13	5	0.955	0.826	1.000	0.783	0.565	1.000
PF00027.21_int_PF00325.12	1	1.000	1.000	0.875	0.857	0.714	1.000
PF00027.21_int_PF00325.12	3	0.822	0.000	0.000	0.667	0.333	1.000
PF00027.21_int_PF00069.17	1	1.000	1.000	0.857	0.861	0.722	1.000
PF00027.21_int_PF00069.17	2	1.000	0.722	1.000	0.861	0.722	1.000
PF00167.10_int_PF07679.8	1	1.000	1.000	0.938	0.967	0.933	1.000
PF00167.10_int_PF07679.8	2	0.993	0.919	0.971	0.811	0.622	1.000
PF00167.10_int_PF07679.8	6	0.999	0.973	0.973	0.892	0.784	1.000
PF00167.10_int_PF07679.8	7	0.998	1.000	0.915	0.860	0.721	1.000
PF00167.10_int_PF07679.8	11	1.000	1.000	1.000	0.944	0.889	1.000
PF00167.10_int_PF07679.8	24	1.000	1.000	0.903	0.941	0.893	0.962
PF00167.10_int_PF07679.8	25	1.000	1.000	1.000	0.786	0.571	1.000
PF00167.10_int_PF07679.8	26	0.997	1.000	0.973	0.806	0.611	1.000
PF00149.20_int_PF08321.4	1	0.994	0.984	0.886	0.944	0.889	1.000
PF00149.20_int_PF08321.4	3	0.977	0.906	0.921	0.938	0.875	1.000
PF00026.15_int_PF07686.9	1	0.512	0.000	0.000	0.521	0.042	1.000
PF00026.15_int_PF07686.9	2	1.000	0.952	1.000	0.524	0.048	1.000
PF00032.9_int_PF00355.18	1	1.000	1.000	1.000	0.917	0.833	1.000
PF00032.9_int_PF00355.18	2	1.000	1.000	0.923	0.979	0.958	1.000
PF00032.9_int_PF00355.18	8	0.990	0.680	1.000	0.900	0.800	1.000
PF00032.9_int_PF00355.18	9	1.000	1.000	1.000	0.737	0.474	1.000
PF00032.9_int_PF00355.18	11	1.000	1.000	0.952	0.925	0.850	1.000
PF00032.9_int_PF00355.18	17	1.000	1.000	0.944	0.965	1.000	0.944
PF00032.9_int_PF00355.18	40	1.000	1.000	1.000	0.926	0.852	1.000
PF00127.12_int_PF06433.3	1	0.918	0.714	1.000	0.786	0.571	1.000
PF00127.12_int_PF06433.3	15	1.000	1.000	0.923	0.500	0.000	0.000
PF00127.12_int_PF06433.3	27	1.000	1.000	1.000	0.786	0.571	1.000
PF00104.22_int_PF08832.2	1	1.000	1.000	0.951	0.859	0.718	1.000
PF00104.22_int_PF08832.2	4	1.000	0.440	1.000	0.980	0.960	1.000
PF00104.22_int_PF08832.2	9	0.993	0.969	0.939	0.953	0.906	1.000
PF00104.22_int_PF08832.2	11	0.999	1.000	0.971	0.970	0.939	1.000
PF00033.11_int_PF02529.7	1	0.999	0.968	0.968	0.887	0.806	0.962
PF00033.11_int_PF02529.7	2	0.980	0.786	1.000	0.946	0.893	1.000
PF00022.11_int_PF04062.6	1	0.830	0.047	1.000	0.651	0.302	1.000
PF00022.11_int_PF04062.6	11	1.000	1.000	1.000	0.906	0.812	1.000
PF00004.21_int_PF08542.3	1	1.000	1.000	1.000	0.500	0.000	0.000
PF00004.21_int_PF08542.3	8	1.000	1.000	1.000	0.611	0.222	1.000
PF00004.21_int_PF08542.3	9	0.663	0.154	1.000	0.577	0.154	1.000
PF00032.9_int_PF00033.11	1	0.980	0.852	0.972	0.963	0.926	1.000
PF00032.9_int_PF00033.11	2	0.998	0.967	0.967	0.972	0.944	1.000
PF00032.9_int_PF00033.11	5	0.988	1.000	0.943	0.982	0.963	1.000
PF00032.9_int_PF00033.11	20	0.999	1.000	0.970	0.953	0.906	1.000
PF00032.9_int_PF00033.11	26	0.997	1.000	0.973	0.938	0.877	1.000
PF00032.9_int_PF00033.11	28	0.999	1.000	0.944	0.976	0.952	1.000
PF00032.9_int_PF00033.11	38	0.989	1.000	0.946	0.989	0.977	1.000
PF00031.13_int_PF00031.13	1	0.990	0.984	0.813	0.904	0.820	0.972
PF00031.13_int_PF00031.13	2	0.992	1.000	0.818	0.710	0.428	0.975
PF00031.13_int_PF00031.13	18	0.933	0.585	0.929	0.902	0.807	0.991
PF00033.11_int_PF10399.1	1	1.000	1.000	0.905	0.842	0.684	1.000
PF00033.11_int_PF10399.1	5	1.000	1.000	1.000	1.000	1.000	1.000
PF00033.11_int_PF03742.6	1	1.000	1.000	1.000	0.875	0.750	1.000
PF00033.11_int_PF03742.6	2	1.000	1.000	1.000	1.000	1.000	1.000
PF00004.21_int_PF06480.7	1	0.999	0.742	1.000	0.887	0.774	1.000
PF00004.21_int_PF06480.7	5	0.996	0.917	0.978	0.803	0.625	0.968
PF00004.21_int_PF06480.7	12	1.000	1.000	0.971	0.879	0.758	1.000
PF00004.21_int_PF06480.7	13	0.991	0.929	0.975	0.786	0.571	1.000
PF00037.19_int_PF00037.19	1	0.994	0.957	0.917	0.928	1.000	0.852
PF00037.19_int_PF00037.19	3	0.987	1.000	0.833	0.844	0.743	0.867
PF00037.19_int_PF00037.19	5	0.965	1.000	0.785	0.964	0.941	0.923
PF00037.19_int_PF00037.19	6	0.985	0.977	0.782	0.999	1.000	0.936
PF00037.19_int_PF00037.19	7	0.995	1.000	0.857	0.964	0.958	0.885
PF00037.19_int_PF00037.19	8	0.988	1.000	0.821	0.984	0.978	0.938
PF00037.19_int_PF00037.19	14	0.994	0.955	0.913	0.879	0.818	0.857
PF00037.19_int_PF00037.19	18	0.969	0.976	0.732	0.912	0.881	0.804
PF00037.19_int_PF00037.19	31	0.986	1.000	0.719	0.960	0.935	0.896
PF00037.19_int_PF00037.19	33	1.000	1.000	0.857	1.000	1.000	0.960
PF00037.19_int_PF00037.19	43	1.000	1.000	0.900	0.444	0.000	0.000
PF00037.19_int_PF00037.19	51	0.900	0.878	0.754	0.973	0.959	0.870
PF00036.24_int_PF01023.11	1	1.000	1.000	0.750	0.833	0.667	1.000
PF00036.24_int_PF01023.11	6	0.738	0.135	0.875	0.587	0.192	0.909
PF00033.11_int_PF02921.6	1	1.000	1.000	1.000	0.905	0.810	1.000
PF00033.11_int_PF02921.6	2	1.000	1.000	1.000	1.000	1.000	1.000
PF00033.11_int_PF02921.6	7	0.994	0.480	1.000	0.900	0.800	1.000
PF00034.13_int_PF00124.11	1	1.000	1.000	1.000	0.556	0.111	1.000
PF00034.13_int_PF00124.11	2	0.837	0.118	1.000	0.529	0.059	1.000
PF00008.19_int_PF07645.7	1	1.000	1.000	1.000	0.500	0.000	0.000
PF00008.19_int_PF07645.7	5	1.000	1.000	0.769	0.500	0.000	0.000
PF00008.19_int_PF07645.7	6	0.222	0.000	0.000	0.500	0.000	0.000
PF00022.11_int_PF04045.6	1	0.980	0.419	1.000	0.709	0.419	1.000
PF00022.11_int_PF04045.6	11	1.000	1.000	1.000	0.860	0.720	1.000
PF00033.11_int_PF02167.7	1	0.993	0.714	1.000	0.833	0.667	1.000
PF00033.11_int_PF02167.7	2	1.000	1.000	1.000	0.967	0.933	1.000
PF00033.11_int_PF02167.7	5	1.000	1.000	1.000	0.885	0.769	1.000
PF00033.11_int_PF02167.7	25	1.000	1.000	1.000	1.000	1.000	1.000
PF00033.11_int_PF02167.7	30	1.000	1.000	1.000	0.967	0.933	1.000
PF00032.9_int_PF02529.7	1	0.996	1.000	0.903	0.929	0.857	1.000
PF00032.9_int_PF02529.7	2	1.000	1.000	0.906	0.948	0.897	1.000
PF00032.9_int_PF02529.7	5	0.953	0.900	0.931	0.933	0.867	1.000
PF00022.11_int_PF00273.12	1	0.657	0.000	0.000	0.500	0.000	0.000
PF00022.11_int_PF00273.12	2	1.000	1.000	0.923	0.500	0.000	0.000
PF00020.10_int_PF07686.9	1	1.000	1.000	1.000	0.750	0.500	1.000
PF00020.10_int_PF07686.9	2	1.000	1.000	1.000	0.611	0.333	0.750
PF00020.10_int_PF07686.9	5	0.989	0.976	0.891	0.476	0.000	0.000
PF00020.10_int_PF07686.9	10	1.000	1.000	1.000	0.688	0.375	1.000
PF00020.10_int_PF07686.9	11	0.611	0.000	0.000	0.500	0.000	0.000
PF00019.12_int_PF07686.9	1	1.000	1.000	1.000	0.500	0.000	0.000
PF00019.12_int_PF07686.9	2	0.676	0.000	0.000	0.500	0.000	0.000
