PF00004.21_int_PF09336.2	1	0.912	0.344	0.957	0.870	0.750	0.980
PF00004.21_int_PF09336.2	2	0.938	0.396	1.000	0.948	0.896	1.000
PF00004.21_int_PF09336.2	7	0.934	0.130	1.000	0.859	0.717	1.000
PF00017.16_int_PF00018.20	1	0.827	0.111	1.000	0.611	0.222	1.000
PF00017.16_int_PF00018.20	2	0.454	0.000	0.000	0.500	0.000	0.000
PF00017.16_int_PF00018.20	4	0.702	0.091	1.000	0.500	0.000	0.000
PF00017.16_int_PF00018.20	5	0.656	0.000	0.000	0.500	0.000	0.000
PF00017.16_int_PF00018.20	7	0.422	0.000	0.000	0.500	0.000	0.000
PF00017.16_int_PF00018.20	8	0.818	0.056	1.000	0.528	0.111	0.667
PF00017.16_int_PF00018.20	20	0.531	0.286	1.000	0.500	0.000	0.000
PF00017.16_int_PF00018.20	21	0.486	0.000	0.000	0.500	0.000	0.000
PF00017.16_int_PF00018.20	22	0.692	0.000	0.000	0.545	0.091	1.000
PF00025.13_int_PF00025.13	1	0.817	0.410	1.000	0.577	0.154	1.000
PF00025.13_int_PF00025.13	2	0.970	0.840	0.955	0.980	0.960	1.000
PF00025.13_int_PF00025.13	3	1.000	1.000	0.900	0.500	0.000	0.000
PF00025.13_int_PF00025.13	6	0.944	0.500	1.000	0.942	0.923	0.960
PF00025.13_int_PF00025.13	7	0.938	0.455	1.000	0.500	0.000	0.000
PF00025.13_int_PF00025.13	10	0.984	1.000	0.889	0.688	0.375	1.000
PF00025.13_int_PF00025.13	11	0.726	0.000	0.000	0.500	0.000	0.000
PF00025.13_int_PF00025.13	15	0.842	0.214	1.000	0.500	0.000	0.000
PF00025.13_int_PF00025.13	21	0.886	0.412	0.875	0.500	0.000	0.000
PF00028.9_int_PF00028.9	1	0.587	0.000	0.000	0.500	0.000	0.000
PF00028.9_int_PF00028.9	3	0.571	0.000	0.000	0.500	0.000	0.000
PF00028.9_int_PF00028.9	7	0.626	0.115	0.500	0.500	0.000	0.000
PF00028.9_int_PF00028.9	8	0.481	0.333	0.750	0.500	0.000	0.000
PF00028.9_int_PF00028.9	19	0.753	0.667	0.706	0.500	0.000	0.000
PF00028.9_int_PF00028.9	20	0.990	0.900	1.000	0.500	0.000	0.000
PF00028.9_int_PF00028.9	21	0.444	0.167	1.000	0.500	0.000	0.000
PF00028.9_int_PF00028.9	22	0.784	0.111	0.500	0.500	0.000	0.000
PF00032.9_int_PF02271.8	1	0.988	0.938	1.000	1.000	1.000	1.000
PF00032.9_int_PF02271.8	2	0.954	0.889	1.000	0.944	0.889	1.000
PF00032.9_int_PF02271.8	5	0.991	0.000	0.000	0.929	0.857	1.000
PF00032.9_int_PF02271.8	31	1.000	1.000	0.941	1.000	1.000	1.000
PF00032.9_int_PF02939.8	1	0.994	0.960	0.923	0.960	0.920	1.000
PF00032.9_int_PF02939.8	2	0.993	0.885	1.000	0.942	0.885	1.000
PF00032.9_int_PF02939.8	5	0.989	0.000	0.000	0.814	0.629	1.000
PF00032.9_int_PF02939.8	31	0.987	0.714	1.000	0.982	0.964	1.000
PF00033.11_int_PF00033.11	1	0.981	0.655	1.000	0.921	0.855	0.979
PF00033.11_int_PF00033.11	2	0.984	0.927	0.944	0.927	0.855	1.000
PF00033.11_int_PF00033.11	5	0.940	0.712	0.949	0.750	0.500	1.000
PF00033.11_int_PF00033.11	6	0.978	0.909	0.976	0.977	0.955	1.000
PF00033.11_int_PF00033.11	9	1.000	0.971	1.000	0.857	0.714	1.000
PF00033.11_int_PF00033.11	20	1.000	0.906	1.000	1.000	1.000	1.000
PF00033.11_int_PF00355.18	1	1.000	1.000	1.000	1.000	1.000	1.000
PF00033.11_int_PF00355.18	3	1.000	1.000	1.000	0.955	0.909	1.000
PF00033.11_int_PF00355.18	7	1.000	0.800	1.000	0.900	0.800	1.000
PF00033.11_int_PF00355.18	8	0.969	0.500	1.000	0.625	0.250	1.000
PF00033.11_int_PF00355.18	10	1.000	1.000	1.000	1.000	1.000	1.000
PF00033.11_int_PF00355.18	16	1.000	1.000	1.000	1.000	1.000	1.000
PF00033.11_int_PF00355.18	39	1.000	0.900	1.000	0.950	0.900	1.000
PF00033.11_int_PF02271.8	1	1.000	0.833	1.000	1.000	1.000	1.000
PF00033.11_int_PF02271.8	2	0.939	0.571	0.800	0.857	0.714	1.000
PF00033.11_int_PF02271.8	5	1.000	0.625	1.000	0.750	0.500	1.000
PF00033.11_int_PF02939.8	1	0.972	1.000	0.500	0.750	0.500	1.000
PF00033.11_int_PF02939.8	2	1.000	1.000	0.615	0.625	0.250	1.000
PF00033.11_int_PF02939.8	26	1.000	1.000	0.667	0.917	0.833	1.000
PF00034.13_int_PF00141.15	1	0.938	0.250	1.000	0.688	0.375	1.000
PF00034.13_int_PF00141.15	7	0.960	0.278	1.000	0.583	0.167	1.000
PF00034.13_int_PF02239.8	1	1.000	1.000	1.000	0.944	0.889	1.000
PF00034.13_int_PF02239.8	6	0.984	0.562	1.000	0.750	0.500	1.000
PF00051.10_int_PF00051.10	1	0.914	0.778	1.000	0.500	0.000	0.000
PF00051.10_int_PF00051.10	3	0.852	0.111	1.000	0.556	0.111	1.000
PF00051.10_int_PF00051.10	4	0.918	0.000	0.000	0.571	0.143	1.000
PF00051.10_int_PF00051.10	5	0.370	0.000	0.000	0.500	0.000	0.000
PF00051.10_int_PF00051.10	6	0.802	0.000	0.000	0.500	0.000	0.000
PF00051.10_int_PF00051.10	11	0.745	0.429	0.750	0.464	0.000	0.000
PF00051.10_int_PF00051.10	12	0.511	0.000	0.000	0.467	0.000	0.000
PF00051.10_int_PF00051.10	16	0.771	0.478	0.917	0.500	0.000	0.000
PF00074.12_int_PF07686.9	1	0.764	0.000	0.000	0.500	0.000	0.000
PF00074.12_int_PF07686.9	7	0.714	0.357	0.833	0.536	0.071	1.000
PF00074.12_int_PF07686.9	8	0.790	0.130	1.000	0.522	0.043	1.000
PF00081.14_int_PF00081.14	1	0.934	0.562	1.000	0.833	0.667	1.000
PF00081.14_int_PF00081.14	2	0.783	0.000	0.000	0.629	0.308	0.889
PF00081.14_int_PF00081.14	5	0.889	0.000	0.000	1.000	1.000	1.000
PF00081.14_int_PF00081.14	7	0.913	0.385	0.882	0.885	0.769	1.000
PF00081.14_int_PF00081.14	12	0.812	0.875	0.778	0.633	0.375	0.750
PF00081.14_int_PF00081.14	26	0.959	0.571	1.000	0.500	0.000	0.000
PF00081.14_int_PF00081.14	40	1.000	1.000	1.000	0.500	0.000	0.000
PF00081.14_int_PF00081.14	42	0.993	1.000	0.868	1.000	1.000	1.000
PF00087.13_int_PF00087.13	1	0.940	0.783	0.900	0.880	0.783	0.947
PF00087.13_int_PF00087.13	2	0.353	0.000	0.000	0.523	0.045	1.000
PF00087.13_int_PF00087.13	4	0.944	0.097	1.000	0.847	0.710	0.957
PF00087.13_int_PF00087.13	5	0.994	0.727	1.000	0.864	0.727	1.000
PF00087.13_int_PF00087.13	6	0.973	0.062	1.000	0.875	0.750	1.000
PF00087.13_int_PF00087.13	7	0.789	0.136	1.000	0.477	0.000	0.000
PF00087.13_int_PF00087.13	8	0.545	0.000	0.000	0.500	0.000	0.000
PF00087.13_int_PF00087.13	10	0.942	0.533	1.000	0.891	0.800	0.923
PF00087.13_int_PF00087.13	12	0.903	0.485	1.000	0.856	0.727	0.960
PF00087.13_int_PF00087.13	16	0.922	0.400	0.889	0.525	0.050	1.000
PF00104.22_int_PF08832.2	1	0.950	0.795	0.969	0.859	0.718	1.000
PF00104.22_int_PF08832.2	4	0.997	0.440	1.000	0.980	0.960	1.000
PF00104.22_int_PF08832.2	9	0.980	0.906	1.000	0.953	0.906	1.000
PF00104.22_int_PF08832.2	11	0.994	0.879	0.967	0.970	0.939	1.000
PF00127.12_int_PF06433.3	1	0.959	0.714	1.000	0.786	0.571	1.000
PF00127.12_int_PF06433.3	15	0.986	0.083	1.000	0.500	0.000	0.000
PF00127.12_int_PF06433.3	27	1.000	0.857	1.000	0.786	0.571	1.000
PF00149.20_int_PF08321.4	1	0.989	0.968	0.871	0.944	0.889	1.000
PF00149.20_int_PF08321.4	3	0.977	0.906	0.892	0.938	0.875	1.000
PF00167.10_int_PF07679.8	1	0.982	0.533	1.000	0.967	0.933	1.000
PF00167.10_int_PF07679.8	2	0.972	0.919	0.872	0.805	0.622	0.958
PF00167.10_int_PF07679.8	6	0.847	0.459	0.895	0.886	0.784	0.967
PF00167.10_int_PF07679.8	7	0.920	0.767	0.846	0.860	0.721	1.000
PF00167.10_int_PF07679.8	11	0.926	0.722	0.929	0.944	0.889	1.000
PF00167.10_int_PF07679.8	24	0.920	0.750	0.913	0.946	0.893	1.000
PF00167.10_int_PF07679.8	25	0.939	0.714	1.000	0.786	0.571	1.000
PF00167.10_int_PF07679.8	26	0.968	1.000	0.900	0.806	0.611	1.000
PF00243.10_int_PF00243.10	1	0.969	0.913	0.926	0.978	0.957	0.985
PF00243.10_int_PF00243.10	2	0.974	0.909	0.921	0.963	0.935	0.986
PF00243.10_int_PF00243.10	3	0.967	0.907	0.907	0.987	0.973	1.000
PF00243.10_int_PF00243.10	4	0.960	0.600	1.000	0.650	0.300	1.000
PF00243.10_int_PF00243.10	7	0.891	0.744	0.859	0.911	0.822	1.000
PF00243.10_int_PF00243.10	8	0.893	0.716	0.906	0.924	0.851	0.983
PF00243.10_int_PF00243.10	12	0.946	0.890	0.901	0.982	0.963	1.000
PF00254.20_int_PF00254.20	1	0.673	0.043	1.000	0.522	0.043	1.000
PF00254.20_int_PF00254.20	7	0.742	0.062	1.000	0.500	0.000	0.000
PF00254.20_int_PF00254.20	9	0.510	0.000	0.000	0.500	0.000	0.000
PF00254.20_int_PF00254.20	15	0.844	0.625	0.833	0.500	0.000	0.000
PF00254.20_int_PF00254.20	16	0.460	0.200	0.667	0.500	0.000	0.000
PF00254.20_int_PF00254.20	18	0.628	0.182	0.667	0.545	0.091	1.000
PF00385.16_int_PF00385.16	1	1.000	0.273	1.000	0.864	0.727	1.000
PF00385.16_int_PF00385.16	11	0.950	0.000	0.000	0.900	0.800	1.000
PF00385.16_int_PF00385.16	13	0.123	0.000	0.000	0.444	0.000	0.000
PF00385.16_int_PF00385.16	17	0.812	0.222	1.000	0.500	0.111	0.500
PF00385.16_int_PF00385.16	18	0.939	0.053	1.000	0.553	0.105	1.000
PF00385.16_int_PF00385.16	19	0.668	0.000	0.000	0.500	0.000	0.000
PF00393.11_int_PF00393.11	1	0.893	0.253	0.933	0.890	0.780	1.000
PF00393.11_int_PF00393.11	2	0.938	0.993	0.648	0.977	0.954	0.997
PF00393.11_int_PF00393.11	5	0.941	0.843	0.887	0.974	0.948	1.000
PF00393.11_int_PF00393.11	7	0.933	0.755	0.908	0.958	0.916	1.000
PF00393.11_int_PF00393.11	11	0.923	0.821	0.850	0.983	0.966	1.000
PF00511.9_int_PF00511.9	1	0.933	0.733	0.917	0.900	0.800	1.000
PF00511.9_int_PF00511.9	2	0.982	0.925	0.925	0.975	0.950	1.000
PF00511.9_int_PF00511.9	3	0.993	0.750	1.000	0.950	0.900	1.000
PF00511.9_int_PF00511.9	7	0.994	0.765	1.000	1.000	1.000	1.000
PF00511.9_int_PF00511.9	9	0.936	0.635	0.971	0.885	0.769	1.000
PF00511.9_int_PF00511.9	15	0.973	0.861	0.886	0.958	0.917	1.000
PF00563.12_int_PF00563.12	1	0.854	0.000	0.000	0.815	0.630	1.000
PF00563.12_int_PF00563.12	2	0.565	0.327	0.500	0.773	0.545	1.000
PF00563.12_int_PF00563.12	4	0.541	0.018	0.143	0.741	0.482	1.000
PF00563.12_int_PF00563.12	9	0.528	0.700	0.461	0.500	0.000	0.000
PF00617.11_int_PF00618.12	1	0.941	0.000	0.000	0.875	0.750	1.000
PF00617.11_int_PF00618.12	11	0.904	0.000	0.000	0.779	0.558	1.000
PF00711.11_int_PF00711.11	1	0.667	1.000	0.545	0.500	0.000	0.000
PF00711.11_int_PF00711.11	23	0.480	0.000	0.000	0.500	0.000	0.000
PF00712.11_int_PF02768.7	1	0.961	0.000	0.000	0.824	0.647	1.000
PF00712.11_int_PF02768.7	7	0.997	0.929	1.000	0.982	0.964	1.000
PF00712.11_int_PF02768.7	9	0.999	0.966	1.000	0.983	0.966	1.000
PF00782.12_int_PF00782.12	1	0.417	0.000	0.000	0.500	0.000	0.000
PF00782.12_int_PF00782.12	2	0.846	0.692	0.900	0.615	0.231	1.000
PF00782.12_int_PF00782.12	3	0.256	0.000	0.000	0.545	0.091	1.000
PF00782.12_int_PF00782.12	4	0.809	0.000	0.000	0.500	0.000	0.000
PF00782.12_int_PF00782.12	7	0.847	0.143	1.000	0.500	0.000	0.000
PF00782.12_int_PF00782.12	11	0.775	0.000	0.000	0.530	0.061	1.000
PF00782.12_int_PF00782.12	13	0.889	0.667	0.909	0.500	0.000	0.000
PF00782.12_int_PF00782.12	18	0.909	0.000	0.000	0.500	0.000	0.000
PF00899.13_int_PF02134.13	1	0.927	0.558	0.906	0.942	0.885	1.000
PF00899.13_int_PF02134.13	2	0.667	0.000	0.000	0.500	0.000	0.000
PF00899.13_int_PF02134.13	15	0.942	0.778	0.894	0.944	0.889	1.000
PF00899.13_int_PF02134.13	22	0.977	0.471	1.000	0.912	0.824	1.000
PF00933.13_int_PF01915.14	1	0.884	0.000	0.000	0.610	0.221	1.000
PF00933.13_int_PF01915.14	10	0.915	0.553	0.963	0.702	0.404	1.000
PF00984.11_int_PF03720.7	1	0.957	0.098	1.000	0.707	0.415	1.000
PF00984.11_int_PF03720.7	3	0.941	0.438	1.000	0.844	0.688	1.000
PF00984.11_int_PF03720.7	15	0.973	0.760	0.950	0.940	0.880	1.000
PF00984.11_int_PF03720.7	18	0.998	0.913	1.000	0.957	0.913	1.000
PF00984.11_int_PF03720.7	38	1.000	0.824	1.000	1.000	1.000	1.000
PF00984.11_int_PF03720.7	40	1.000	0.882	1.000	1.000	1.000	1.000
PF00993.12_int_PF02876.9	1	0.950	0.800	1.000	0.850	0.700	1.000
PF00993.12_int_PF02876.9	5	0.984	1.000	0.889	0.938	0.875	1.000
PF01071.11_int_PF02843.8	1	0.991	0.745	1.000	0.980	0.961	1.000
PF01071.11_int_PF02843.8	2	0.988	0.829	0.971	1.000	1.000	1.000
PF01071.11_int_PF02843.8	4	0.993	0.957	0.978	0.966	0.936	0.978
PF01071.11_int_PF02843.8	6	0.992	0.873	1.000	1.000	1.000	1.000
PF01071.11_int_PF02843.8	8	0.989	0.950	0.983	0.958	0.917	1.000
PF01071.11_int_PF02843.8	12	0.989	0.875	0.980	0.991	0.982	1.000
PF01071.11_int_PF02844.7	1	0.997	0.891	1.000	0.973	0.945	1.000
PF01071.11_int_PF02844.7	2	1.000	0.889	1.000	1.000	1.000	1.000
PF01071.11_int_PF02844.7	4	1.000	0.933	1.000	0.900	0.800	1.000
PF01071.11_int_PF02844.7	7	1.000	1.000	1.000	1.000	1.000	1.000
PF01071.11_int_PF02844.7	9	0.965	0.943	0.926	0.962	0.925	1.000
PF01071.11_int_PF02844.7	13	0.993	0.839	1.000	0.955	0.911	1.000
PF01081.11_int_PF01081.11	1	0.513	0.000	0.000	0.533	0.067	1.000
PF01081.11_int_PF01081.11	13	0.809	0.261	0.857	0.718	0.478	0.917
PF01081.11_int_PF01081.11	22	0.556	0.000	0.000	0.500	0.000	0.000
PF01081.11_int_PF01081.11	36	0.785	0.444	0.923	0.722	0.444	1.000
PF01197.10_int_PF01281.11	1	0.611	0.000	0.000	0.500	0.000	0.000
PF01197.10_int_PF01281.11	4	0.878	0.000	0.000	0.500	0.000	0.000
PF01221.10_int_PF01221.10	1	0.444	0.000	0.000	0.500	0.000	0.000
PF01221.10_int_PF01221.10	6	0.574	0.231	0.600	0.500	0.000	0.000
PF01322.12_int_PF01322.12	1	0.742	0.000	0.000	0.500	0.000	0.000
PF01322.12_int_PF01322.12	2	0.722	0.040	1.000	0.632	0.280	0.933
PF01322.12_int_PF01322.12	3	0.961	0.744	0.935	0.692	0.385	1.000
PF01322.12_int_PF01322.12	4	0.977	0.724	0.955	0.828	0.655	1.000
PF01322.12_int_PF01322.12	6	0.981	0.889	0.941	0.500	0.000	0.000
PF01322.12_int_PF01322.12	8	0.915	0.613	0.950	0.726	0.452	1.000
PF01329.11_int_PF01329.11	1	1.000	0.974	1.000	0.987	0.974	1.000
PF01329.11_int_PF01329.11	42	1.000	1.000	1.000	1.000	1.000	1.000
PF01329.11_int_PF01329.11	43	0.897	0.000	0.000	0.905	0.811	1.000
PF01329.11_int_PF01329.11	44	0.986	0.895	0.944	1.000	1.000	1.000
PF01329.11_int_PF01329.11	47	0.722	0.333	0.800	0.500	0.000	0.000
PF01368.12_int_PF01368.12	1	0.996	0.965	0.982	0.956	0.912	1.000
PF01368.12_int_PF01368.12	2	0.973	0.836	0.962	0.910	0.820	1.000
PF01368.12_int_PF01368.12	3	0.982	0.820	0.962	0.959	0.918	1.000
PF01368.12_int_PF01368.12	8	0.833	0.673	0.897	0.875	0.750	1.000
PF01368.12_int_PF01368.12	9	0.333	0.000	0.000	0.500	0.000	0.000
PF01472.12_int_PF01509.10	1	1.000	0.000	0.000	0.909	0.818	1.000
PF01472.12_int_PF01509.10	4	0.776	0.000	0.000	0.929	0.857	1.000
PF01472.12_int_PF01509.10	5	1.000	1.000	1.000	1.000	1.000	1.000
PF01472.12_int_PF01509.10	7	1.000	0.929	1.000	0.964	0.929	1.000
PF01658.9_int_PF01658.9	1	0.978	0.938	0.957	0.979	0.958	1.000
PF01658.9_int_PF01658.9	2	0.998	0.978	0.957	0.989	0.978	1.000
PF01658.9_int_PF01658.9	7	0.994	0.959	1.000	0.980	0.959	1.000
PF01658.9_int_PF01658.9	10	0.705	0.069	0.400	0.517	0.069	0.667
PF01658.9_int_PF01658.9	11	0.999	1.000	0.939	0.989	0.978	1.000
PF01658.9_int_PF01658.9	16	0.940	0.261	1.000	0.910	0.826	0.974
PF01729.11_int_PF01729.11	1	0.863	0.062	1.000	0.812	0.625	1.000
PF01729.11_int_PF01729.11	2	0.998	1.000	0.960	0.875	0.750	1.000
PF01729.11_int_PF01729.11	3	1.000	0.857	1.000	1.000	1.000	1.000
PF01729.11_int_PF01729.11	15	0.868	0.167	0.667	0.958	0.917	1.000
PF01729.11_int_PF01729.11	17	0.964	0.000	0.000	0.767	0.533	1.000
PF01729.11_int_PF01729.11	23	0.975	0.000	0.000	0.929	0.857	1.000
PF01729.11_int_PF01729.11	35	0.988	0.556	1.000	1.000	1.000	1.000
PF01797.8_int_PF01797.8	1	0.952	0.000	0.000	0.946	0.893	1.000
PF01797.8_int_PF01797.8	3	0.979	0.816	0.976	0.939	0.878	1.000
PF01797.8_int_PF01797.8	7	0.972	0.911	0.932	1.000	1.000	1.000
PF01797.8_int_PF01797.8	9	0.920	0.000	0.000	0.900	0.800	1.000
PF01855.11_int_PF01855.11	1	0.825	0.000	0.000	0.500	0.000	0.000
PF01855.11_int_PF01855.11	3	0.886	0.000	0.000	0.500	0.000	0.000
PF01880.10_int_PF01880.10	1	0.644	0.061	1.000	0.530	0.061	1.000
PF01880.10_int_PF01880.10	14	0.786	0.037	1.000	0.870	0.741	1.000
PF01880.10_int_PF01880.10	17	0.661	0.000	0.000	0.778	0.556	1.000
PF01880.10_int_PF01880.10	20	0.763	0.130	0.750	0.514	0.029	1.000
PF02167.7_int_PF02167.7	1	1.000	0.000	0.000	0.905	0.810	1.000
PF02167.7_int_PF02167.7	2	0.947	0.789	0.938	0.947	0.895	1.000
PF02167.7_int_PF02167.7	5	1.000	1.000	1.000	1.000	1.000	1.000
PF02201.10_int_PF02201.10	1	0.528	0.167	1.000	0.500	0.000	0.000
PF02201.10_int_PF02201.10	4	0.222	0.000	0.000	0.500	0.000	0.000
PF02201.10_int_PF02201.10	8	0.426	1.000	0.500	0.500	0.000	0.000
